0 53.727091176242766 0.9641974926231975
1 32.43175077529883 0.5820269084798495
2 26.408161563893668 0.4739263304087781
3 21.611403694130814 0.3878427213860167
4 17.682009922226378 0.3173250078926279
5 14.462925660594955 0.25955465581035697
6 11.826580920952981 0.21224226773941748
7 9.668231085610234 0.17350807510251207
8 7.901862279876563 0.1418084551109996
9 6.456841344915186 0.11587581048470955
10 5.275169361146983 0.09466928061479934
11 4.309229443761097 0.07733432303608047
12 3.5199383097531434 0.06316954106670584
13 2.875227783827544 0.051599432598966585
14 2.348796294508233 0.042151984190220045
15 1.9190817004262697 0.034440237190958824
16 1.5684158775253465 0.028147115791912605
17 1.2823288000731972 0.023012937917916056
18 1.0489757219180156 0.01882513530423907
19 0.8586658057672754 0.015409794180113338
20 0.7034743933795189 0.012624696989385589
21 0.5769242431444223 0.01035360181418794
22 0.4737236269673466 0.008501542207448887
23 0.38955128689411317 0.006990967979996093
24 0.3208799901171763 0.005758578682196472
25 0.2648318569042092 0.004752727289034691
26 0.219059823560079 0.003931292909907337
27 0.18165058513953208 0.0032599389784668006
28 0.1510451755712963 0.0027106879670990448
29 0.12597401522471874 0.002260755737117956
30 0.10540381200117413 0.0018915986147673325
31 0.08849416212268638 0.0015881345399956183
32 0.07456207802677728 0.001338106476718836
33 0.06305298737289541 0.0011315619549906078
34 0.053517010674861636 0.0009604273444866411
35 0.045589544580710455 0.0008181593980280792
36 0.038975360255596614 0.0006994598778716186
37 0.03343557693228878 0.0006000417803519242
38 0.02877699364290867 0.0005164378809325038
39 0.024843361095398468 0.00044584409749523013
40 0.021508254171728528 0.00038599157871872965
41 0.018669267199259786 0.00033504253121744424
42 0.01624330251046555 0.0002915056670597559
43 0.014162761081774737 0.00025416784018463543
44 0.01237247492595361 0.0002220389944807376
45 0.010827246455517879 0.0001943080046931698
46 0.009489881656544881 0.00017030737935385347
47 0.008329622511107011 0.00014948512871023391
48 0.007320900210342091 0.0001313823896291219
49 0.006442344617922851 0.00011561564922320739
50 0.005675997375802096 0.00010186262308397974
51 0.005006686155078698 8.985102545832167e-05
52 0.004421526012938216 7.934962049701285e-05
53 0.003909520795813198 7.016106895338801e-05
54 0.003461243219626635 6.211618683720502e-05
55 0.003068576842611185 5.506931480548137e-05
56 0.0027245068056012413 4.8894562744486606e-05
57 0.0024229491100507925 4.348274595773411e-05
58 0.0021586104787311364 3.8738870197072014e-05
59 0.0019268726203406283 3.45800546514279e-05
60 0.001723696099288234 3.093380677405821e-05
61 0.0015455400768586822 2.773658194089521e-05
62 0.0013892950073124705 2.4932575600834687e-05
63 0.001252225993711248 2.2472706727660454e-05
64 0.0011319249751720328 2.0313759762617633e-05
65 0.0010262702637316404 1.841765845461122e-05
66 0.000933392204392531 1.6750849588285015e-05
67 0.0008516439203928197 1.5283777972585403e-05
68 0.0007795762504832006 1.3990436659948378e-05
69 0.0007159161042305407 1.2847978506100242e-05
70 0.0006595475700458005 1.1836377130818561e-05
71 0.0006094952173692329 1.0938127255493496e-05
72 0.0005649091420226356 1.0137976323925709e-05
73 0.0005250514100672425 9.422681220995758e-06
74 0.0004892836548625509 8.78078568691604e-06
75 0.00045705566770246455 8.202415562426808e-06
76 0.0004278948894774232 7.679090203990899e-06
77 0.0004013967575204919 7.203549246296742e-06
78 0.00037721588783286785 6.769594356653192e-06
79 0.0003550580831109101 6.371945809389327e-06
80 0.00033467315473729027 6.006113667822749e-06
81 0.0003158485379135125 5.668283200106959e-06
82 0.00029840366716973985 5.3552139409671856e-06
83 0.00028218506783593995 5.0641516022261495e-06
84 0.00026706210995781443 4.792751871700954e-06
85 0.00025292336462871004 4.539015023181813e-06
86 0.00023967349986649578 4.30123020919634e-06
87 0.00022723065323376233 4.077928309508131e-06
88 0.00021552422038350645 3.867842243900142e-06
89 0.00020449300273101426 3.6698737299111158e-06
90 0.00019408366235137463 3.4830655541067278e-06
91 0.0001842494376084661 3.3065785224916934e-06
92 0.00017494907833389496 3.13967235101071e-06
93 0.0001661459651646968 2.981689861000673e-06
94 0.00015780738214766016 2.832043925197391e-06
95 0.00014990391667350685 2.6902066988302524e-06
96 0.0001424089645826306 2.555700738147435e-06
97 0.00013529832211297773 2.4280916774281577e-06
98 0.00012854984900583042 2.306982183009376e-06
99 0.00012214319025212377 2.192006959687629e-06
100 0.00011605954569110047 2.0828286158888263e-06
101 0.00011028147881111695 1.9791342323679718e-06
102 0.00010479275763624283 1.8806325067271537e-06
103 9.95782216912974e-05 1.7870513659425741e-06
104 9.462367041588182e-05 1.6981359638196846e-06
105 8.991576903500673e-05 1.6136469917279986e-06
106 8.5441968640997e-05 1.53335924437442e-06
107 8.119043805035458e-05 1.457060396892409e-06
108 7.715000511036614e-05 1.3845499515182201e-06
109 7.331010598184227e-05 1.3156383274084475e-06
110 6.966074086013643e-05 1.2501460660002729e-06
111 6.619243494774464e-05 1.187903130617665e-06
112 6.289620402187385e-05 1.1287482885398377e-06
113 5.97635235696022e-05 1.0725285570944537e-06
114 5.6786301053491755e-05 1.019098705930571e-06
115 5.3956850804315803e-05 9.683208064383334e-07
116 5.126787107058004e-05 9.200638198749315e-07
117 4.8712422995921713e-05 8.742032200886572e-07
118 4.628391121149022e-05 8.306206452257519e-07
119 4.3976065816676545e-05 7.892035743528495e-07
120 4.1782925595520226e-05 7.498450262551431e-07
121 3.969882237390902e-05 7.124432787074551e-07
122 3.771836624180429e-05 6.769016032692361e-07
123 3.583643174165868e-05 6.431280174190523e-07
124 3.404814480787045e-05 6.110350501673303e-07
125 3.2348870396757736e-05 5.805395200613169e-07
126 3.0734200825107325e-05 5.515623259062625e-07
127 2.9199944678639137e-05 5.240282477144304e-07
128 2.7742116288284726e-05 4.978657578442142e-07
129 2.6356925763574344e-05 4.7300684213723956e-07
130 2.5040769466865517e-05 4.493868289669001e-07
131 2.3790221009744256e-05 4.269442276579109e-07
132 2.2602022653754775e-05 4.0562057416202514e-07
133 2.1473077102713827e-05 3.8536028376120916e-07
134 2.0400439754745013e-05 3.661105120210475e-07
135 1.938131125351862e-05 3.478210211137521e-07
136 1.8413030437982312e-05 3.3044405329257055e-07
137 1.7493067622190928e-05 3.139342102902221e-07
138 1.6619018179984653e-05 2.982483381882043e-07
139 1.578859642167857e-05 2.8334541752659726e-07
140 1.49996298223905e-05 2.691864597244413e-07
141 1.4250053478051986e-05 2.557344075861628e-07
142 1.3537904808920248e-05 2.4295404024970455e-07
143 1.2861318578254188e-05 2.3081188379065434e-07
144 1.2218522080077545e-05 2.1927612486084746e-07
145 1.1607830623387948e-05 2.08316529647048e-07
146 1.1027643175420129e-05 1.9790436568404925e-07
147 1.04764382911417e-05 1.8801232880456288e-07
148 9.952770116230319e-06 1.7861447140782021e-07
149 9.455264713106905e-06 1.6968613652580448e-07
150 8.98261650650871e-06 1.6120389403476962e-07
151 8.533584888073136e-06 1.5314547972039925e-07
152 8.106991013073197e-06 1.4548973779135854e-07
153 7.70171472538094e-06 1.3821656569405163e-07
154 7.316691685026141e-06 1.313068625631959e-07
155 6.950910576181941e-06 1.2474247911575434e-07
156 6.603410479919817e-06 1.1850617050185312e-07
157 6.273278402087785e-06 1.1258155193957211e-07
158 5.959646833145939e-06 1.0695305492324891e-07
159 5.661691549497336e-06 1.016058877657079e-07
160 5.378629452178777e-06 9.6525996810958e-08
161 5.109716483761171e-06 9.170002905045568e-08
162 4.854245742670901e-06 8.711529828232601e-08
163 4.6115455614537134e-06 8.275975062348898e-08
164 4.380977837524463e-06 7.862193455294906e-08
165 4.16193631909034e-06 7.469097015061886e-08
166 3.953844990334263e-06 7.095652011748623e-08
167 3.756156634513288e-06 6.740876398868112e-08
168 3.568351327689409e-06 6.403837110165683e-08
169 3.3899351273226543e-06 6.08364770614105e-08
170 3.2204387703792763e-06 5.7794660376463357e-08
171 3.05941640722726e-06 5.4904919737087586e-08
172 2.906444478855155e-06 5.215965386564322e-08
173 2.7611205909632692e-06 4.9551641310785786e-08
174 2.623062439469031e-06 4.707402116436328e-08
175 2.4919068125593703e-06 4.472027515204172e-08
176 2.367308672978417e-06 4.2484211163850354e-08
177 2.2489402051796483e-06 4.0359946154177005e-08
178 2.136489996016643e-06 3.834189143827481e-08
179 2.0296621671970778e-06 3.642473712310222e-08
180 1.9281756432126403e-06 3.460343896944175e-08
181 1.8317633904947635e-06 3.287320473763141e-08
182 1.7401717332622623e-06 3.122948190962482e-08
183 1.6531596548857388e-06 2.96679451511324e-08
184 1.5704982071728585e-06 2.8184485710532614e-08
185 1.4919698670510517e-06 2.677519987376674e-08
186 1.4173680023682174e-06 2.5436379377487752e-08
187 1.346496291097909e-06 2.416450098599644e-08
188 1.2791682404324175e-06 2.2956217860786417e-08
189 1.215206679427009e-06 2.180835045543262e-08
190 1.1544432866601754e-06 2.0717878038884485e-08
191 1.0967181475836772e-06 1.968193075157822e-08
192 1.0418793603975655e-06 1.8697782532388447e-08
193 9.897826092164944e-07 1.7762843458582514e-08
194 9.402907908058675e-07 1.687465304715019e-08
195 8.932736594626104e-07 1.6030873881760533e-08
196 8.48607489399517e-07 1.5229285553841537e-08
197 8.061747210480786e-07 1.4467778315057517e-08
198 7.658636807310767e-07 1.3744348046495489e-08
199 7.275682884023827e-07 1.3057091013703143e-08
200 6.9118775506501e-07 1.240419843649062e-08
201 6.566263409466445e-07 1.1783952149098545e-08
202 6.237930740242538e-07 1.1194719548782454e-08
203 5.926015619602611e-07 1.0634950220780448e-08
204 5.629697021533654e-07 1.010317073482524e-08
205 5.348195212355779e-07 9.59798176472477e-09
206 5.080769194759707e-07 9.118053501379001e-09
207 4.826715255636531e-07 8.66212304668517e-09
208 4.585364671949345e-07 8.228990296447558e-09
209 4.3560823979834707e-07 7.817515584489588e-09
210 4.1382647586498223e-07 7.426615543008327e-09
211 3.931338680599045e-07 7.055261722716013e-09
212 3.734759435860283e-07 6.702476543527515e-09
213 3.548009815705832e-07 6.367331811960738e-09
214 3.370598263525445e-07 6.04894537035424e-09
215 3.202057729402591e-07 5.746479041266079e-09
216 3.041944691782936e-07 5.459136871739843e-09
217 2.889837901234406e-07 5.18616287883046e-09
218 2.7453368532636575e-07 4.926838308889051e-09
219 2.608061351818801e-07 4.680480854215885e-09
220 2.477649972458223e-07 4.446441895031356e-09
221 2.353759548880794e-07 4.224105577992469e-09
222 2.236064082340658e-07 4.012886859006066e-09
223 2.1242537733716934e-07 3.81222976554151e-09
224 2.0180343054537336e-07 3.6216061110832655e-09
225 1.9171261359525877e-07 3.4405142226371923e-09
226 1.8212636784269935e-07 3.268477473281689e-09
227 1.7301946497942738e-07 3.1050431105776718e-09
228 1.643679356146408e-07 2.9497809748793264e-09
229 1.5614901346798025e-07 2.8022824978097258e-09
230 1.4834105778556087e-07 2.66215930992289e-09
231 1.4092352421246656e-07 2.5290427179755415e-09
232 1.3387690088206709e-07 2.4025825579727673e-09
233 1.2718262067313322e-07 2.282445620516059e-09
234 1.2082308192932566e-07 2.1683160226395464e-09
235 1.1478153737947116e-07 2.0598932143502918e-09
236 1.09042087059669e-07 1.9568918516069526e-09
237 1.0358963633206092e-07 1.8590410429159377e-09
238 9.84098179184902e-08 1.766082950131328e-09
239 9.348900734955402e-08 1.6777730657067642e-09
240 8.881425386546422e-08 1.5938789726280006e-09
241 8.437326299701421e-08 1.5141800318073323e-09
242 8.015432278250478e-08 1.4384660579572848e-09
243 7.614634582523602e-08 1.3665380743630622e-09
244 7.233878661474021e-08 1.2982068291122904e-09
245 6.872160759930169e-08 1.2332921862254396e-09
246 6.528530725294927e-08 1.1716236293518767e-09
247 6.202082396780438e-08 1.113038537002063e-09
248 5.891959149964728e-08 1.057383177585156e-09
249 5.5973420003907736e-08 1.0045105744562876e-09
250 5.317456600276466e-08 9.542817615606093e-10
251 5.0515664804128465e-08 9.065645706103673e-10
252 4.798971883539216e-08 8.612334217199885e-10
253 4.559008167664491e-08 8.181690368628264e-10
254 4.3310425668537266e-08 7.772578585552106e-10
255 4.114476308041704e-08 7.383924297441917e-10
256 3.908739354548054e-08 7.014704504678916e-10
257 3.71328970559893e-08 6.663946521462135e-10
258 3.5276134314693255e-08 6.33072803887556e-10
259 3.351220590040533e-08 6.01416979665766e-10
260 3.183649206268307e-08 5.713442724837281e-10
261 3.024456557270873e-08 5.427752303772306e-10
262 2.8732240686048207e-08 5.156347351107658e-10
263 2.7295535084692362e-08 4.898513191815306e-10
264 2.5930671270088734e-08 4.653571908190619e-10
265 2.4634053504047983e-08 4.4208782016197337e-10
266 2.3402282365831307e-08 4.1998220050245774e-10
267 2.2232086555346042e-08 3.989816244123273e-10
268 2.112040610763748e-08 3.7903117712749835e-10
269 2.006432309601047e-08 3.600784929318764e-10
270 1.906104087400856e-08 3.4207338262961937e-10
271 1.8107927057835528e-08 3.249686049165663e-10
272 1.7202475531405912e-08 3.087191845150143e-10
273 1.6342296394176953e-08 2.9328223177543095e-10
274 1.552512877454146e-08 2.786171726282532e-10
275 1.4748822671746933e-08 2.6468542271521215e-10
276 1.4011340756124939e-08 2.5145041969662133e-10
277 1.3310727013499318e-08 2.3887706053744007e-10
278 1.2645154655656814e-08 2.2693256131849073e-10
279 1.2012854719187313e-08 2.1558517585647482e-10
280 1.1412173385538051e-08 2.0480522438152361e-10
281 1.0841531920708829e-08 1.9456437460668117e-10
282 1.0299420727421266e-08 1.848355349869035e-10
283 9.784416692758223e-09 1.755931660433842e-10
284 9.295168920502276e-09 1.668130243131492e-10
285 8.83038256276255e-09 1.584718721880873e-10
286 8.388837499787586e-09 1.5054781314673598e-10
287 7.969371807870441e-09 1.4301999506588656e-10
288 7.570875030182502e-09 1.358684894575756e-10
289 7.1923170225540945e-09 1.2907480914143106e-10
290 6.832681154262037e-09 1.2262070945218715e-10
291 6.491026754958142e-09 1.164893089251814e-10
292 6.166459090459255e-09 1.1066455047567177e-10
293 5.858115927287465e-09 1.0513096028329582e-10
294 5.565202379816579e-09 9.987427316617011e-11
295 5.286930302122354e-09 9.488034489449659e-11
296 5.022566192702691e-09 9.013601189858118e-11
297 4.771429900739061e-09 8.562906805113367e-11
298 4.532845964352705e-09 8.134739137354689e-11
299 4.306194560543095e-09 7.727985839403232e-11
300 4.090878927466128e-09 7.341575950108521e-11
301 3.886325869359165e-09 6.974480800497383e-11
302 3.692002946444728e-09 6.625744863130722e-11
303 3.5073958665875194e-09 6.294445178703513e-11
304 3.3320256575721027e-09 5.979722173769569e-11
305 3.1654189512533363e-09 5.6807263320631845e-11
306 3.0071423387690524e-09 5.3966798490745024e-11
307 2.8567848375265424e-09 5.126845166940766e-11
308 2.713955009900496e-09 4.870519803602031e-11
309 2.5782523978688562e-09 4.6269850888077516e-11
310 2.4493395908480377e-09 4.395635498544704e-11
311 2.3268758732709825e-09 4.1758595776079594e-11
312 2.2105375860996506e-09 3.967076480792406e-11
313 2.1000131359647938e-09 3.768727016191745e-11
314 1.9950220687173865e-09 3.580307874988458e-11
315 1.8952811419556893e-09 3.401310744509026e-11
316 1.800528289308873e-09 3.231265315023066e-11
317 1.710502439621804e-09 3.0697030628348675e-11
318 1.6249922815046262e-09 2.916244764152854e-11
319 1.5437512368300897e-09 2.770447904768971e-11
320 1.4665735082539762e-09 2.631943156512011e-11
321 1.3932569365373068e-09 2.500367720229691e-11
322 1.3236134590801008e-09 2.375384094889686e-11
323 1.2574394115804045e-09 2.256626780322563e-11
324 1.1945891840962732e-09 2.143834461914316e-11
325 1.1348724106870475e-09 2.0366655050097898e-11
326 1.0781472464129604e-09 1.934865351745772e-11
327 1.0242612298844266e-09 1.8381603917585857e-11
328 9.730699182472945e-10 1.7462914049141222e-11
329 9.244353295036891e-10 1.659010765864599e-11
330 8.782424110133591e-10 1.576111998761759e-11
331 8.343507298041187e-10 1.49734307968862e-11
332 7.926655378412082e-10 1.4225339718619757e-11
333 7.530552363646493e-10 1.351448505424822e-11
334 7.154376666896374e-10 1.2839392367018145e-11
335 6.796971831609672e-10 1.2197986256077926e-11
336 6.457392237189026e-10 1.1588569691141744e-11
337 6.134913828358459e-10 1.1009843267633e-11
338 5.828563104973362e-10 1.0460059922053654e-11
339 5.537535646347924e-10 9.93777602440012e-12
340 5.261006206974015e-10 9.441510572011883e-12
341 4.998440252592745e-10 8.970304278650178e-12
342 4.748958704534e-10 8.522579531548361e-12
343 4.5119724792225435e-10 8.097279149136103e-12
344 4.2869701171374643e-10 7.693485255576758e-12
345 4.0731386961463985e-10 7.309738963994889e-12
346 3.87003247510903e-10 6.945240338119163e-12
347 3.6771202609933874e-10 6.59903608794576e-12
348 3.4939161667393783e-10 6.2702542305052265e-12
349 3.31981768330965e-10 5.957813490615194e-12
350 3.154630710422298e-10 5.661365531894456e-12
351 2.997746302876885e-10 5.37981752868923e-12
352 2.8485431982157426e-10 5.112054550541098e-12
353 2.706953516681586e-10 4.8579547790334274e-12
354 2.5725032195819174e-10 4.616667494522354e-12
355 2.4447973934490816e-10 4.38748397712936e-12
356 2.323448752915238e-10 4.1697091965216526e-12
357 2.208295177420868e-10 3.963052207789377e-12
358 2.0989681435609841e-10 3.7668516512064e-12
359 1.9952694240729793e-10 3.5807517840265764e-12
360 1.896730575934154e-10 3.4039119287108175e-12
361 1.803029205491507e-10 3.2357535109401803e-12
362 1.7141520843709367e-10 3.0762527908008492e-12
363 1.6297878827162232e-10 2.9248510492924583e-12
364 1.5496323648022682e-10 2.7810022986891062e-12
365 1.473606136570904e-10 2.6445640567716015e-12
366 1.401686795103319e-10 2.515496118798403e-12
367 1.333336513470607e-10 2.3928332894370178e-12
368 1.2683201598799403e-10 2.2761535963079325e-12
369 1.2068498119918762e-10 2.1658376383679736e-12
370 1.1482889488566306e-10 2.060743101953128e-12
371 1.0931678572306371e-10 1.9618216506463847e-12
372 1.0407208422763882e-10 1.8676991526526367e-12
373 9.910965822422841e-11 1.7786424290321292e-12
374 9.439463383256482e-11 1.694025625915315e-12
375 8.991437310854683e-11 1.6136219401429778e-12
376 8.567320457121253e-11 1.5375090522132036e-12
377 8.166836235869224e-11 1.465637325396713e-12
378 7.790647093145685e-11 1.3981256436315002e-12
379 7.432400521554848e-11 1.3338339727990617e-12
380 7.095182514750827e-11 1.2733161317044738e-12
381 6.778818224267206e-11 1.2165407416802495e-12
382 6.47728970107621e-11 1.1624278091447e-12
383 6.195494843031272e-11 1.111856320978748e-12
384 5.918786409022494e-11 1.0621976529924696e-12
385 5.66101586932561e-11 1.0159376186957002e-12
386 5.4159704841842945e-11 9.719612669596475e-13
