0 5987.494772877576 0.5009202264457902
1 4056.518611945953 0.3393726923791465
2 3482.8985178923162 0.29138302085428786
3 3208.245026124841 0.26840521552684027
4 2522.3375983474803 0.21102146538154223
5 2454.452384578846 0.20534211567966976
6 2013.8393233085683 0.16847995499332202
7 1964.7681219529109 0.16437460572330848
8 1684.0418030715193 0.14088874117435668
9 1634.5106975910628 0.13674491583261755
10 1448.8834446514113 0.1212151410095571
11 1399.2041840373236 0.11705892085063604
12 1271.5979025996571 0.10638324265493868
13 1223.6272154126668 0.10236996357913603
14 1132.8312406533362 0.09477387507099494
15 1087.7340662376773 0.09100099715172114
16 1021.1795289227457 0.08543297326737327
17 979.4552688595586 0.08194227697586069
18 929.4001063597618 0.07775460846251872
19 891.1388248940968 0.07455362866998423
20 852.6404118319762 0.07133281019407717
21 817.7141235081668 0.06841083950020292
22 787.5152634174627 0.06588437051628594
23 755.6932140674354 0.06322210378018925
24 731.5866767302439 0.061205325043868705
25 702.5996975561516 0.05878024331559066
26 683.0525796171427 0.05714491049012831
27 656.627280482471 0.054934141657995234
28 640.5516272409982 0.053589235287728375
29 616.4275219577194 0.05157098679821956
30 603.0361166513342 0.05045064748554272
31 580.9733210507924 0.048604850372146804
32 569.6866204494214 0.04766059290963091
33 549.4684589093523 0.04596911985768841
34 539.8531124996535 0.045164689677186357
35 521.2860636768039 0.04361135048382251
36 513.0134329944992 0.042919253339378426
37 495.92576634750856 0.041489680843546914
38 488.74340050668377 0.04088879642362225
39 472.98324691499784 0.03957028509201676
40 466.6949259412128 0.03904419742336091
41 452.12818327929125 0.037825528128509825
42 446.5797344053641 0.03736133895227198
43 433.08801647252153 0.03623260737781179
44 428.15708733526213 0.035820080564224775
45 415.63581692809254 0.03477253766929645
46 411.22440372340867 0.03440347411512917
47 399.58109118110445 0.033429382115635516
48 395.6100127569354 0.033097157440888494
49 384.7627292170304 0.032189662080434174
50 381.1674940375112 0.03188888085413422
51 371.0435320729723 0.031041899351490154
52 367.77121450513795 0.030768133758490003
53 358.30592099149504 0.029976257164007203
54 355.31277737014966 0.029725847562418767
55 346.44854045859165 0.028984256007112442
56 343.69817315396256 0.02875415733224015
57 335.3835448691127 0.02805854662337971
58 332.8454763352407 0.027846209091081358
59 325.0344132915692 0.027192727189712145
60 322.6829696922237 0.02699600289934712
61 315.3341760080126 0.026381194947768857
62 313.1476066435582 0.026198264212506515
63 306.22396492185436 0.025619024929530304
64 304.1837427351533 0.025448337755924498
65 297.6518207630828 0.024901870166809042
66 295.7420829746132 0.02474209945773291
67 289.5717054545877 0.024225879064758486
68 287.778803427101 0.02407588296059953
69 281.9426795533064 0.02358762658571807
70 280.2548143853489 0.0234464179777418
71 274.72821339641615 0.02298405661896583
72 273.1351392392789 0.022850778328493998
73 267.89560722624947 0.022412433467747624
74 266.3883884309361 0.022286337928813425
75 261.4155006638355 0.021870300811308203
76 259.9863119657003 0.021750733353889017
77 255.2614558460483 0.02135544682969847
78 253.90341715145334 0.021241831857790657
79 249.40960161554437 0.020865874436324504
80 248.11664075606492 0.020757703945813208
81 243.83832856363864 0.020399775764907927
82 242.60506677027973 0.02029659976221734
83 238.5280266310172 0.019955510216880426
84 237.34968255531513 0.01985692868927634
85 233.4608584844343 0.019531585501835484
86 232.33316743002163 0.0194372416602515
87 228.62056309653153 0.01912664120480564
88 227.53970878053502 0.01903621577492862
89 223.99228492756296 0.01873943449542264
90 222.95484160766003 0.018652640875980248
91 219.56242489325834 0.018368827659729223
92 218.5653081053617 0.018285407801151874
93 215.31850993999856 0.018013777188698604
94 214.358934416471 0.01793349807251221
95 211.24907856796023 0.017673324200978103
96 210.32452216693582 0.01759597482209247
97 207.34358007003388 0.017346586013109132
98 206.45175275504258 0.01727197478462011
99 203.59228560389184 0.01703274869972111
100 202.73110268143208 0.01696070121393726
101 199.98620950518497 0.016731060510509238
102 199.1537684646703 0.016661417601356938
103 196.51703948992088 0.016440826030890667
104 195.71159990108723 0.0163734420921097
105 193.1770745949091 0.016161400990035688
106 192.3970406086044 0.01609614251117653
107 189.95916987191356 0.01589218763392127
108 189.20307494424839 0.015828931922351182
109 186.85668699270795 0.01563263059289709
110 186.12318051409795 0.015571264655171488
111 183.86345003994728 0.015382213183102478
112 183.15128560034364 0.015322632743221534
113 180.97370585882638 0.01514045408944371
114 180.28173092250444 0.015082562725034117
115 178.182088429244 0.01490690438493109
116 177.50923522742767 0.014850612765313253
117 175.48358679041618 0.014681144847217735
118 174.82886426842268 0.014626370059695287
119 172.87351611078165 0.014462783538276885
120 172.23600279093472 0.01440944849104035
121 170.3474915489733 0.014251453617582767
122 169.72632919066925 0.014199486509303902
123 167.9014045962794 0.014046811362895562
124 167.29579255154292 0.013996145210507106
125 165.53140162979815 0.013848534375995342
126 164.94059180721402 0.01379910659336815
127 163.23386443876336 0.013656319953493616
128 162.6571568006324 0.0136080719747239
129 161.00539251514928 0.013469883605246355
130 160.44213104319616 0.013422760547142481
131 158.84278692483576 0.013288957704998404
132 158.29235599844785 0.013242908064080473
133 156.7430355969406 0.013113290259673253
134 156.20485673539227 0.013068265639624098
135 154.7032998878369 0.012942643785304351
136 154.17682881429303 0.012898598651340918
137 152.72090229262255 0.01277679427896347
138 152.2056262832808 0.01273368573606323
139 150.7933151913845 0.012615530277261117
140 150.28875067773043 0.01257331786956416
141 148.918150529824 0.012458651993016604
142 148.42384092592312 0.012417297522054558
143 147.09315034484797 0.012305970522618852
144 146.60866407526288 0.012265437882328327
145 145.3161780555404 0.012157307117419743
146 144.84110676222272 0.012117562144128983
147 143.5852104481889 0.012012492513192852
148 143.1191673575446 0.011973502849008671
149 141.8983302916295 0.011871366312325283
150 141.44094872495828 0.01183310128051483
151 140.2537195258285 0.011733776413967126
152 139.8046515384804 0.011696206905108274
153 138.6496529722826 0.011599578487836803
154 138.2085681085274 0.011562676855649176
155 137.08449252033535 0.011468635487842061
156 136.65107667229364 0.011432375453724003
157 135.5566817475938 0.01134081720201829
158 135.13063610814774 0.011305173767446237
159 134.06474093729742 0.011215999835676237
160 133.6457810378658 0.01118094920170397
161 132.60726245881455 0.011094065624929423
162 132.1951172837032 0.011059585118093658
163 131.18290648053218 0.010974902478029886
164 130.77731765085343 0.010940970482076106
165 129.79039698766428 0.010858403642213773
166 129.39111800832046 0.010824999535098063
167 128.4285180800513 0.010744467393971275
168 128.03531364394064 0.010711571489649444
169 127.0961105269095 0.010632996750813266
170 126.7087558711908 0.010600590245385257
171 125.79206855819754 0.010523899202833602
172 125.41034886810837 0.010491964124666278
173 124.51533687371888 0.010417086462487407
174 124.13904672958863 0.010385605625951085
175 123.26490785279003 0.010312474231148951
176 122.89385071662394 0.010281431193664458
177 122.03981894910456 0.010209981981163166
178 121.67380668731361 0.010179361003272918
179 120.83915025637991 0.010109532752185058
180 120.47800269560533 0.01007931876039286
181 119.66202223197703 0.010011052960735288
182 119.30556674527264 0.009981231512885907
183 118.50759356654285 0.009914472221972174
184 118.15566468738189 0.009885029474958734
185 117.37505918883166 0.009819723182772916
186 117.02749825073928 0.00979064586238817
187 116.26364839580808 0.009726741365296002
188 115.92030319551287 0.009698016738051228
189 115.17262309885844 0.009635465020257384
190 114.8333475811213 0.009607080867014822
191 114.10127617780044 0.009545834989225148
192 113.76593014023814 0.009517779580503233
193 113.04892993491153 0.00945779457528188
194 112.71737875127235 0.009430056648104186
195 112.01493464203175 0.009371289421473738
196 111.68704900250808 0.009343858157643242
197 110.99866717417923 0.009286267396497253
198 110.67432284146808 0.009259132402188107
199 109.99952972360965 0.00920267848711617
200 109.67860730361527 0.009175829773690426
201 109.01694858902366 0.009120474696865236
202 108.6993333149842 0.009093902662812667
203 108.05037303449511 0.009039609950586934
204 107.73595456374336 0.009013305364521799
205 107.09927421375775 0.008960040004436131
206 106.78794643610699 0.008933993989066547
207 106.16314415530316 0.008881722360972299
208 105.85480501219789 0.008855926377970186
209 105.24149480429554 0.008804616189005075
210 104.9360461180668 0.008779062024721482
211 104.33385711761294 0.008728682247884444
212 104.0312044300785 0.008703361999846662
213 103.43978020860749 0.008653882815950455
214 103.13983262844593 0.008628788880093174
215 102.5588305383256 0.008580181622869852
216 102.26150059649947 0.008555306681439704
217 101.69059115025851 0.008507543785614474
218 101.39579466312942 0.00848288079571809
219 100.83466094589224 0.008435935747852983
220 100.54231688532103 0.008411477930589446
221 99.9906539984397 0.008365325222536973
222 99.70068436860903 0.008341066052692659
223 99.15819890249364 0.008295681137492229
224 98.87052862289256 0.008271614333751164
225 98.33693815731915 0.008226973583824314
226 98.05149495148876 0.008203093099460525
227 97.52652758170035 0.008159173766964026
228 97.2432418715185 0.008135473780997281
229 96.72663575855758 0.008092253960203468
230 96.44544056350068 0.008068728868971418
231 95.93694350741397 0.008026187460562044
232 95.6577743486815 0.008002831869699167
233 95.15714338315506 0.007960948546852146
234 94.87993819227823 0.007937757263643855
235 94.38693919948986 0.007896512439811397
236 94.11163823110616 0.007873480465896665
237 93.62604557566266 0.007832855264180077
238 93.35259132432437 0.007809977788591549
239 92.8741875051083 0.00776995401261436
240 92.60252462575642 0.007747226405125116
241 92.13109994469691 0.007707786511322091
242 91.86117517669464 0.007685204316090204
243 91.3965274235507 0.007646331387335974
244 91.12828951803486 0.007623890316826653
245 90.67022367019297 0.007585568037320467
246 90.4036233204611 0.007563263966482166
247 89.95195125698142 0.007525476597824683
248 89.68694103191771 0.007503305558519448
249 89.24148126100988 0.007466037916913073
250 88.97801554124592 0.007443996092575674
251 88.53859294045753 0.007407233527088451
252 88.2766278571372 0.007385317247603392
253 87.84307342551263 0.00734904561943434
254 87.5825668015761 0.007327251356223619
255 87.15471742322086 0.007291457018922277
256 86.89562871700433 0.00726978138022687
257 86.47332693532802 0.007234451160806221
258 86.21561718638691 0.007212890887153602
259 85.79871098857713 0.007178012068058923
260 85.54234276561128 0.007156564027906424
261 85.13068537667277 0.00712212432978439
262 84.87562272744117 0.007100785515329016
263 84.46907241340439 0.00706677308056391
264 84.21528081652527 0.007045540603709884
265 83.81370069629308 0.007011943980682494
266 83.56114701482896 0.006990815069158129
267 83.16440488019434 0.006957623197188236
268 82.91305731695022 0.0069365951908061385
269 82.52102546039676 0.006903797385746119
270 82.27085351481183 0.006882867732796701
271 81.88340856472236 0.006850453673244909
272 81.63438299128879 0.006829619927017656
273 81.25140575409333 0.006797579641112348
274 81.00349852227455 0.006776839456542545
275 80.62487383131737 0.006745163309317938
276 80.37805808680712 0.006724514439745556
277 80.0036746574627 0.006693193121010671
278 79.7579246847827 0.006672633415051253
279 79.3876749756195 0.006641657927774731
280 79.14296616197714 0.006621185326295681
281 78.77674624161779 0.006590546975467159
282 78.53305504196416 0.006570159508664466
283 78.17076446134695 0.006539849890607842
284 77.92806836457106 0.006519545675177845
285 77.56961003441518 0.006489556667299886
286 77.32788753063083 0.006469333903702465
287 76.97316760377521 0.006439657654649147
288 76.73239815266722 0.00641951462445953
289 76.3813259111222 0.006390143544666664
290 76.14148991125668 0.006370078608007897
291 75.79397765767084 0.006341005360621119
292 75.55505641680098 0.00632101695367981
293 75.21101937022556 0.0062922344458341325
294 74.97299507647209 0.0062723210784493815
295 74.63235127212675 0.006243822452883482
296 74.39520696604392 0.00622398270620989
297 74.05787715895741 0.006195761333204586
298 73.82159670645387 0.00617599385744679
299 73.48750427880219 0.006148043327072853
300 73.25207234484225 0.00612834683928534
301 72.92114321677319 0.006100660953942981
302 72.68654523985975 0.006081034235895305
303 72.3587077836709 0.006053607003134212
304 72.12492995105852 0.006034048899237294
305 71.80011490861638 0.006006874524847833
306 71.56714413224724 0.005987383940140734
307 71.2452845354037 0.005960456821495897
308 71.01310842851447 0.00594103271968873
309 70.69413952249147 0.005914347439334419
310 70.4627463768832 0.005894988840906719
311 70.14660554644644 0.00586854016038536
312 69.9159843103906 0.0058492461407376765
313 69.60261100866984 0.005823028994633249
314 69.37275126541151 0.00580379868228871
315 69.06208694530397 0.00577780817248788
316 68.8329788921791 0.0057586407473451074
317 68.52496694019877 0.005732872137502991
318 68.29660136828012 0.005713766829133271
319 67.99118704072525 0.005688215539333139
320 67.76355531504194 0.005669171625325556
321 67.4606856764206 0.005643833226927448
322 67.23377971670465 0.005624850031278129
323 66.93340358033021 0.005599720241949013
324 66.70721584225213 0.0055807971334912694
325 66.40928371285833 0.005555871812404151
326 66.18380716979301 0.005537008203283001
327 65.88827118815597 0.005512283346483943
328 65.66349931339418 0.0054934786906679
329 65.37031320282733 0.005468950426599734
330 65.14623995226337 0.005450204218432441
331 64.85535896696388 0.005425868803613369
332 64.63197876223585 0.005407180576403094
333 64.34335963731904 0.005383034391246521
334 64.12066734936705 0.00536440371589062
335 63.834268252640854 0.005340443260670546
336 63.6122591857077 0.00532186974431694
337 63.32803967100349 0.005298091635263573
338 63.10670954703651 0.005279574920005794
339 62.82463050911579 0.005255975885532993
340 62.60397545255966 0.005237515647137931
341 62.3239990834821 0.005214092524192907
342 62.10401560643196 0.005195688470858706
343 61.82610535325142 0.005172438201382829
344 61.606790340543355 0.005154090072491539
345 61.33091086285465 0.0051310096998686576
346 61.11226155255158 0.005112717264353662
347 60.83837866572193 0.005089803928660779
348 60.62039258298214 0.005071566979474171
349 60.34847306932748 0.005048817901684253
350 60.1311476004983 0.00503063622016505
351 59.861158105554786 0.005008048609807923
352 59.6444878676606 0.00498992174561062
353 59.376388835836465 0.0049674922934231066
354 59.1603525766518 0.0049494184685637535
355 58.894071788067954 0.004927141132553407
356 58.67858264947098 0.00490911308038849
357 58.41392960377846 0.004886971923092055
358 58.19870114318473 0.004868965679528125
359 57.93518285437498 0.004846919457208043
360 57.71951562266264 0.004828876505582324
361 57.45615843818272 0.004806843761423048
362 57.238906861882505 0.004788668261831972
363 56.974506982710594 0.00476654828471784
364 56.75471016146539 0.004748159847208225
365 56.48879807332896 0.004725913357072257
366 56.266706265992966 0.004707332918567919
367 56.00015236646781 0.004685032733803669
368 55.776940180241986 0.004666358563201268
369 55.51065050340135 0.004644080483589838
370 55.286599777267035 0.004625336159840457
371 55.020207988240166 0.004603049537414145
372 54.79481798234852 0.004584193168085642
373 54.52822781494323 0.004561889949111691
374 54.30204400978513 0.004542967169686245
375 54.03601354832323 0.00452071077631107
376 53.80944002547071 0.004501755392685848
377 53.54377221408699 0.00447952933900468
378 53.31648209127832 0.004460514003859511
379 53.05125550415976 0.004438324863473002
380 52.823806454207734 0.004419296232312779
381 52.55946890688369 0.00439718146994781
382 52.331829572035154 0.004378136919349314
383 52.068107715101426 0.004356073666301919
384 51.84036826050541 0.0043370207395781015
385 51.57770891441089 0.004315046377325668
386 51.350177927734315 0.0042960108912513
387 51.08844358128574 0.004274113915460095
388 50.86098812274865 0.004255084748150781
389 50.600416806194275 0.004233285072686352
390 50.37341317669044 0.004214293705877956
391 50.114018601066896 0.004192592477820314
392 49.88731100243821 0.004173625877272037
393 49.62920370432901 0.004152032344230164
394 49.40312896982161 0.004133118689772192
395 49.14637363698727 0.004111638263593427
396 48.92079961537615 0.0040927664993127165
397 48.66547324199707 0.004071405621412665
398 48.440688218260355 0.004052599865539295
399 48.18683436039016 0.004031362179864062
400 47.96273030504102 0.004012613394535443
401 47.71044895207663 0.003991507266305082
402 47.48726488548438 0.003972835448221347
403 47.23654096911609 0.003951859616804927
404 47.01420673378804 0.003933258896515086
405 46.76518643053764 0.003912425591197002
406 46.543867641750744 0.003893909824252531
407 46.29647610611186 0.003873212783377547
408 46.07617629369379 0.0038547822650876096
409 45.830584867565186 0.003834235823302515
410 45.611361846046805 0.003815895390492694
411 45.36748588079088 0.0037954924660017933
412 45.14943971450158 0.003777250490161073
413 44.90740398977541 0.0037570015221641394
414 44.69049355941014 0.003738854563207413
415 44.4502874241114 0.0037187586606218168
416 44.23465963570615 0.003700719008865419
417 43.99629281788148 0.003680776985549963
418 43.781901811227264 0.0036628408042796855
419 43.54546463737139 0.003643060217045675
420 43.33238785017495 0.0036252339847830145
421 43.09781508268847 0.0036056093757830016
422 42.88610457177886 0.0035878974476580387
423 42.65348360591709 0.0035684361284727003
424 42.44310706678103 0.003550835801855251
425 42.212434401924064 0.0035315374796189756
426 42.00349357224243 0.0035140572659924014
427 41.77474758977323 0.0034949201320685305
428 41.567226683435145 0.003477558710749886
429 41.34048409795771 0.003458589183164366
430 41.134394193007545 0.0034413474809547096
431 40.90961368976187 0.003422542103270462
432 40.70502913499374 0.003405426340269551
433 40.48222130941547 0.003386785998912072
434 40.27910872602643 0.0033697933826134976
435 40.05832177488266 0.0033513221097759495
436 39.85670947299885 0.0033344550086351907
437 39.63789741129855 0.0033161489571639662
438 39.437835178771095 0.0032994115364859784
439 39.22101485701653 0.003281272116112147
440 39.022469508866465 0.003264661599606044
441 38.807672277996154 0.0032466914331827045
442 38.610668955612276 0.0032302099242040036
443 38.39785210272854 0.003212405438324383
444 38.20242943505927 0.0031960561686122887
445 37.99160138457309 0.003178418068071633
446 37.797729824097225 0.0031621985656488704
447 37.588916523871795 0.003144729021273211
448 37.396607695726914 0.0031286402587112415
449 37.18977222963845 0.0031113361820581174
450 36.999061578765875 0.0030953811247187014
451 36.794196542442606 0.003078241896330439
452 36.6050619064778 0.0030624186900864193
453 36.40219146742212 0.0030454463318421564
454 36.21462612422894 0.0030297544143124224
455 36.01372473796979 0.0030129467891343476
456 35.82775983827496 0.002997388766422065
457 35.62880246325404 0.0029807437793065873
458 35.44443015187037 0.0029653189942383815
459 35.24743318511526 0.002948838016978392
460 35.06463092829175 0.002933544584356516
461 34.869586589032345 0.002917226966004453
462 34.68837125374452 0.002902066296938148
463 34.49524495502239 0.0028859091439120198
464 34.3156261523878 0.002870882042477675
465 34.124414668768985 0.0028548850849342213
466 33.94636815646391 0.002839989522993066
467 33.757078212210516 0.0028241533234912583
468 33.58059675721474 0.0028093886959210733
469 33.393202567366465 0.0027937110972635114
470 33.21830158236104 0.0027790786935057037
471 33.032777253395885 0.002763557529412601
472 32.859449108540105 0.0027490567111465233
473 32.67579641292987 0.0027336921299047686
474 32.50401758909105 0.002719320929494588
475 32.32223126191247 0.0027041124906350615
476 32.15200049373695 0.0026898708022199346
477 31.972051190605587 0.002674816050760001
478 31.803376440318218 0.0026607045404681883
479 31.625243682023157 0.002645801763095125
480 31.458110966129837 0.002631819261052531
481 31.281793952537566 0.002617068390826311
482 31.11618196886795 0.002603213114870546
483 30.941670112025033 0.002588613265991644
484 30.777576414503848 0.00257488501148143
485 30.6048414215159 0.002560433816935994
486 30.44226899290737 0.0025468328334125813
487 30.271290626916436 0.0025325286001633973
488 30.11022510297945 0.002519053685898988
489 29.940998730495537 0.00250489602630332
490 29.78141919470322 0.00249154543139887
491 29.613933864537177 0.002477533429268503
492 29.455833535865768 0.0024643065864163004
493 29.290063421529048 0.0024504380810795373
494 29.133442571398152 0.0024373350129868374
495 28.96936501958358 0.0024236081092437337
496 28.81421198852056 0.002410627840466566
497 28.651817878916745 0.002397041775302101
498 28.498111967875104 0.002384182574136063
499 28.337391994540795 0.002370736569005224
500 28.185120650686375 0.002357997385266763
501 28.02605326910182 0.002344689637731949
502 27.87521368635984 0.0023320702366618437
503 27.7177740605199 0.0023188986689162603
504 27.56835864435675 0.0023063984151476934
505 27.412531727943666 0.00229336176840028
506 27.264522396572882 0.0022809791491916268
507 27.110299233578814 0.0022680766741731734
508 26.963678278717975 0.0022558102080305576
509 26.811043332128612 0.002243040604897804
510 26.665802289316645 0.0022308895836753457
511 26.514732009682906 0.0022182508822561555
512 26.370865588990906 0.002206214863392736
513 26.221338947900676 0.0021937053044276266
514 26.078834801636845 0.0021817832549021225
515 25.93083903480619 0.002169401770517427
516 25.78967861158837 0.0021575921383013355
517 25.643202604235814 0.0021453377986225294
518 25.503370528090247 0.0021336392973454153
519 25.35839664538243 0.0021215106270234497
520 25.219884582035622 0.0021099225594310646
521 25.076390377933098 0.0020979176806062354
522 24.939190822854247 0.002086439418861494
523 24.797157120609555 0.002074556727186566
524 24.661256674048094 0.0020631871502519825
525 24.520670539521927 0.0020514255636430072
526 24.386051584149065 0.0020401631976339823
527 24.246900957409277 0.0020285217071441177
528 24.11354856445239 0.002017365303103543
529 23.975816445207457 0.0020058424864701895
530 23.843721131658665 0.0019947912510394675
531 23.707386692029406 0.001983385365779942
532 23.57654011025754 0.0019724386005873073
533 23.44158453396362 0.0019611480725114415
534 23.311974235483973 0.0019503047361033284
535 23.17838363867926 0.0019391284036736828
536 23.04999333343028 0.0019283871332060921
537 22.91775564343219 0.0019173239864091094
538 22.790570000917267 0.0019066834993162732
539 22.659670180351366 0.0018957322801091002
540 22.533678063857288 0.0018851916446816614
541 22.40409738416207 0.001874350786212781
542 22.279290021420604 0.0018639092685533824
543 22.151009733884546 0.0018531772022855047
544 22.027376485257335 0.0018428339122706046
545 21.900381291552577 0.0018322093583292337
546 21.777907974585194 0.0018219631094395024
547 21.6521855305762 0.0018114450351010363
548 21.530856823874988 0.0018012945455322684
549 21.40639428051437 0.001790881875831639
550 21.286197173168965 0.0017808260570771363
551 21.16297876091966 0.0017705174727179805
552 21.043903316736422 0.0017605554935051396
553 20.921911365379668 0.0017503495161780276
554 20.80394833239838 0.001740480602477946
555 20.683166288544736 0.0017303758473085856
556 20.566304346152545 0.0017205990520266655
557 20.446718528769157 0.0017105943744451931
558 20.33094396091042 0.0017009085500815269
559 20.21254246869986 0.0016910029544126507
560 20.097841307830972 0.0016814069324275786
561 19.98061146935513 0.0016715993585652133
562 19.866971765609463 0.0016620921392200925
563 19.750898737030756 0.0016523813453128853
564 19.63831079131314 0.0016429621171710242
565 19.52337848987499 0.001633346757718332
566 19.41183306845951 0.0016240147482763298
567 19.298026314246417 0.001614493553310161
568 19.18751271332761 0.0016052478670761864
569 19.07481849582079 0.0015958197481226032
570 18.965324220517463 0.0015866593397615117
571 18.853731056617406 0.0015773233361321083
572 18.745243218897333 0.0015682471274173178
573 18.63473938273992 0.0015590022581137416
574 18.527246406395548 0.0015500092805673282
575 18.41781869041864 0.0015408544406307824
576 18.311310825800454 0.0015319438785866243
577 18.202944829102258 0.001522877863222239
578 18.09741317675015 0.0015140489721419698
579 17.99009470857125 0.0015050705941356116
580 17.885529730560062 0.0014963225760661963
581 17.779246046975462 0.0014874307692474484
582 17.675636841723485 0.001478762712150883
583 17.570376729730338 0.001469956538427916
584 17.46771157037696 0.0014613674612224804
585 17.36346433898443 0.001452646026175549
586 17.261731909679074 0.0014441349821650627
587 17.158486201094924 0.001435497335589102
588 17.057676490254337 0.0014270634871937852
589 16.955419850340206 0.0014185085871622392
590 16.85552405265043 0.001410151197720094
591 16.75424350405055 0.001401677958533478
592 16.655253113619647 0.0013933963164324738
593 16.554936191431334 0.0013850036952636768
594 16.45684204896679 0.0013767970342275905
595 16.357477482984876 0.0013684840881991755
596 16.260269479914186 0.0013603515625340028
597 16.161847064764377 0.0013521174378534246
598 16.06551464633485 0.00134405816453725
599 15.968024479199595 0.0013359020327241844
600 15.87255750263372 0.0013279151632013754
601 15.775989192897242 0.0013198361549657766
602 15.681378501758854 0.001311920923199076
603 15.58572090300679 0.001303918106019978
604 15.49195825215944 0.0012960738222124383
605 15.397199842570865 0.0012881462321619604
606 15.30427729357059 0.0012803722321748563
607 15.210406878181633 0.0012725189326703292
608 15.11831612490943 0.001264814521604847
609 15.025323358664572 0.0012570346471678447
610 14.934055433696397 0.0012493990747996832
611 14.84193084153443 0.0012416918327364352
612 14.75147635247158 0.001234124313287458
613 14.660210885575184 0.0012264889465642146
614 14.570560573699254 0.001218988705440122
615 14.480145030818731 0.0012114244442704768
616 14.391290265989216 0.0012039907594644694
617 14.301714954001735 0.0011964967929113837
618 14.213647865149765 0.0011891290059214087
619 14.124902681187937 0.0011817044887681742
620 14.03761588020141 0.0011744019814968589
621 13.949690720147974 0.001167046068422202
622 13.863176826970273 0.0011598082234461047
623 13.77606204109083 0.0011525201071429093
624 13.690313311378974 0.0011453462765620003
625 13.60399993291333 0.0011381252068615032
626 13.519008194162675 0.0011310147069552897
627 13.433487830738233 0.0011238599817426096
628 13.349244730753046 0.0011168121137574499
629 13.264509214382155 0.0011097230496899904
630 13.18100660800337 0.001102737132193152
631 13.097047624450164 0.0010957130336930344
632 13.014277867271968 0.0010887884271453382
633 12.93108677133058 0.0010818285709453793
634 12.849042767378338 0.0010749646816899862
635 12.766610664736572 0.0010680683236825
636 12.685285666670518 0.0010612645872297376
637 12.603603689655163 0.0010544309855356844
638 12.522990982975342 0.001047686840143294
639 12.442050592633572 0.0010409152803847333
640 12.362143241507065 0.0010342301457935033
641 12.281936393956776 0.001027519955010642
642 12.202727173716491 0.0010208932267971843
643 12.123246277570761 0.0010142437698864603
644 12.044727808640502 0.0010076748306675257
645 11.965965515337098 0.0010010854928403513
646 11.888130509582474 0.0009945737328828095
647 11.810079457717919 0.0009880438982762842
648 11.732920942218348 0.00098158873421813
649 11.655573585997896 0.0009751177715429823
650 11.579084995756537 0.0009687186541495475
651 11.502433591696153 0.0009623059155776085
652 11.426608698797432 0.000955962323814805
653 11.350645440073652 0.000949607156218861
654 11.275478168846575 0.0009433185817895452
655 11.20019538763559 0.0009370203436712426
656 11.125679613612245 0.0009307862741958687
657 11.05106994889831 0.000924544349724745
658 10.977199375866787 0.0009183642584554801
659 10.903255831739147 0.0009121780623461478
660 10.830023994660433 0.0009060514084109026
661 10.756739872562514 0.0008999203802549435
662 10.684140251701411 0.0008938466182056876
663 10.611508998711155 0.0008877702097786226
664 10.539535182243187 0.000881748803195252
665 10.467550230026001 0.0008757264649831733
666 10.396196048038705 0.0008697568976842022
667 10.324850712872404 0.0008637880705197521
668 10.254110286747885 0.0008578698506937103
669 10.183397766747428 0.0008519539655239003
670 10.11326546048815 0.0008460866216571967
671 10.043178920707202 0.0008402231066630949
672 9.973649223803225 0.0008344061777405651
673 9.904181923954052 0.0008285944690224794
674 9.835249320707202 0.0008228274935949059
675 9.766394727591122 0.0008170670445784362
676 9.69805360730641 0.000811349553249066
677 9.629805446738235 0.0008056398390291589
678 9.562050086532555 0.0007999713530154611
679 9.494402319000796 0.0007943118683201157
680 9.427226938333456 0.000788691904015864
681 9.360173674815508 0.000783082156163141
682 9.293572532513615 0.0007775102332556611
683 9.227107928608486 0.0007719497332967131
684 9.161075419778049 0.00076642538287457
685 9.095193590548922 0.000760913638469279
686 9.029724305498405 0.0007554364079518838
687 8.96441929082706 0.0007499729204703751
688 8.89950801675933 0.0007445423737495359
689 8.83477380462982 0.0007391266402201153
690 8.770415474488564 0.0007337423533804731
691 8.7062460671637 0.0007283738720260226
692 8.642435679119837 0.0007230354266091986
693 8.578825172887758 0.0007177137035188601
694 8.51555771175121 0.0007124206799486802
695 8.452500358025503 0.0007071452341895563
696 8.389770742344075 0.0007018972073462866
697 8.327260958333405 0.0006966675718560741
698 8.265063997906704 0.0006914641075219902
699 8.203096242677063 0.0006862798187402145
700 8.141426395298273 0.0006811204532483573
701 8.079994389057482 0.0006759809858008781
702 8.01884397566715 0.0006708650767129077
703 7.957936099505366 0.0006657694585492814
704 7.897284541886535 0.0006606952842695244
705 7.8368587858177605 0.0006556400007893216
706 7.776616737709016 0.0006506000865138411
707 7.716479980192039 0.0006455689809620542
708 7.656237864957508 0.0006405290610707585
709 7.59554215777834 0.0006354511931914911
710 7.533601130204081 0.0006302691404739953
711 7.469063143184773 0.0006248698233474885
712 7.399320664302642 0.0006190350928567364
713 7.3200850232802726 0.0006124061542523479
714 7.22413087675339 0.0006043785275687494
715 7.100685393323327 0.000594050946191375
716 6.934217025305876 0.0005801240242037192
717 6.705416832251935 0.0005609823549642588
718 6.392894402623111 0.0005348363937304885
719 5.979678665866921 0.0005002663225607401
720 5.459920625218216 0.00045678280812025195
721 4.8479386984547785 0.00040558374457806484
722 4.178817010183329 0.00034960430738055417
723 3.5043210301837635 0.0002931752511801796
724 2.878898713049975 0.00024085175018239194
725 2.3491328443335195 0.00019653097012546652
726 1.946295315092003 0.00016282915091343178
727 1.6879751333090918 0.00014121780779537753
728 1.5835570601849291 0.00013248207994617377
729 1.6403700897861286 0.00013723511886018136
730 1.8646833138239851 0.00015600140346535806
731 2.241606897434464 0.0001875352342271307
732 2.6877689857534057 0.0002248616324604341
733 3.005419488229566 0.0002514366137617548
734 2.987203135849957 0.0002499126142084952
735 2.6507551252853108 0.0002217650132447817
736 2.237512649178359 0.00018719270503230555
737 1.965724813364784 0.00016445464355162445
738 1.9301029167118045 0.00016147447751980285
739 2.1339478492869652 0.00017852836293577332
740 2.4829034114117614 0.00020772235906097795
741 2.7308742337438257 0.00022846786368123996
742 2.6387883096956175 0.00022076385663381012
743 2.2956576064677687 0.00019205717444345697
744 2.003118719598769 0.00016758305780315258
745 1.9457496221794048 0.0001627834976598228
746 2.1414074521555033 0.0001791524413024101
747 2.438735691309108 0.0002040272402851527
748 2.5327789788557373 0.00021189500245956944
749 2.298424859763506 0.0001922886858184335
750 1.998841208682557 0.0001672251966578737
751 1.9013386980745153 0.0001590680321766527
752 2.0625042294923497 0.00017255131317403695
753 2.320005747581417 0.00019409416601051953
754 2.3552721185332546 0.00019704458838134785
755 2.1041004638475425 0.0001760312986976788
756 1.8739583749065543 0.00015677736501088207
757 1.8845218875001857 0.00015766111978999844
758 2.1023683744388646 0.0001758863902423513
759 2.2483800152155733 0.00018810188051599695
760 2.0932016755538134 0.0001751194943943482
761 1.8467935104415525 0.0001545047233509983
762 1.7995604996983354 0.00015055315907667362
763 1.977224536352366 0.00016541672269515826
764 2.129612652107755 0.00017816567569593907
765 1.9995386359779077 0.00016728354417248014
766 1.7743262604750627 0.0001484420355925801
767 1.7435030109980862 0.00014586332952376768
768 1.9183001671769166 0.0001604870468507223
769 2.022153335410797 0.00016917551415168431
770 1.8592305837107832 0.00015554522222317548
771 1.6785586074986263 0.00014043001115918204
772 1.7174898845009654 0.00014368704349600748
773 1.8916590503170514 0.00015825822247651764
774 1.8918133093851386 0.00015827112795539463
775 1.6938851186673114 0.00014171224350116568
776 1.6079342969046746 0.00013452150568280934
777 1.733117373557113 0.00014499445597046087
778 1.8408640220288364 0.00015400865599877946
779 1.7081127162871181 0.00014290253955850455
780 1.5565535097683814 0.00013022293399238171
781 1.6089825149277224 0.00013460920072545858
782 1.749957918797226 0.0001464033540246789
783 1.6914598513620596 0.0001415093430404853
784 1.5232792119563612 0.0001274391705943201
785 1.520879862789772 0.00012723843847288347
786 1.6576987481824412 0.0001386848529839092
787 1.6480246364733218 0.00013787550643550877
788 1.486537986260898 0.00012436536029578982
789 1.455066140150406 0.00012173239193784698
790 1.579087512013717 0.00013210815275843313
791 1.5899106267039824 0.00013301362612703715
792 1.4396593304768743 0.00012044344173693289
793 1.4012252710458186 0.00011722800715473572
794 1.5156786074039685 0.00012680329587577238
795 1.524782570063954 0.00012756494314398407
796 1.3834070800134615 0.00011573731820629375
797 1.3552692269671778 0.00011338327527944392
798 1.4642260073645328 0.00012249871624094255
799 1.454491076925899 0.00012168428153248254
800 1.3217000634171854 0.0001105748430978862
801 1.3174551283885259 0.00011021970728625495
802 1.419292656586833 0.00011873954398270672
803 1.3778515386317374 0.00011527253566325617
804 1.2605076304133218 0.00010545541860403689
805 1.2894365589513073 0.00010787564375391495
806 1.3728935260348667 0.00011485774301842653
807 1.2946907876485998 0.00010831521815500973
808 1.2076421927913423 0.00010103263946363342
809 1.270491764292054 0.00010629070193923987
810 1.3149836205918637 0.0001100129382965308
811 1.209965037162378 0.00010122697111192283
812 1.1711356887278719 9.797846622826722e-05
813 1.2530858622339203 0.00010483450552802141
814 1.2384378508202964 0.00010360903720234861
815 1.1353770985068028 9.498686426611442e-05
816 1.1546033509036455 9.659535313661105e-05
817 1.2210285799416056 0.0001021525589519937
818 1.1479709919350174 9.604048288077644e-05
819 1.0853370334185988 9.08004588183985e-05
820 1.14943441844743 9.616291471041331e-05
821 1.1581947717591168 9.689581525247528e-05
822 1.0637556677959492 8.899493865265622e-05
823 1.067039082964541 8.926963268282338e-05
824 1.130120551693114 9.45470959289188e-05
825 1.0690210521554564 8.943544634840171e-05
826 1.010698457354539 8.455611559275398e-05
827 1.0671356879770377 8.927771476165121e-05
828 1.0704953506950667 8.955878774347993e-05
829 0.9858852541540305 8.248021643333466e-05
830 0.998007887514487 8.349440892591879e-05
831 1.0469804452360025 8.75915055638339e-05
832 0.98095988394035 8.206815468524892e-05
833 0.9434142812612657 7.892704934662799e-05
834 0.9999414105339233 8.365616953289609e-05
835 0.9777697660773055 8.180126600760301e-05
836 0.9097363565106757 7.610951808652434e-05
837 0.942790957485945 7.887490141188623e-05
838 0.9638525768299163 8.063693904720708e-05
839 0.8916055501755666 7.459267540698363e-05
840 0.8899155440529877 7.445128768445035e-05
841 0.9346181265343736 7.81911536198198e-05
842 0.8812812022299525 7.372892939851127e-05
843 0.8472642703931512 7.088303644243404e-05
844 0.894693883227498 7.485104865830089e-05
845 0.8703994862856022 7.281855338621738e-05
846 0.8160120505275232 6.826844225139806e-05
847 0.8502589678281692 7.113357603773875e-05
848 0.8547238116122713 7.150710965141447e-05
849 0.7928851881974283 6.633362417558966e-05
850 0.8076226286986182 6.756657423452383e-05
851 0.8322292151182055 6.962518761272538e-05
852 0.7749693368315412 6.483476485903178e-05
853 0.7691131712981677 6.434483177744151e-05
854 0.8046329222636485 6.731645219162947e-05
855 0.7586309228620005 6.346787564478798e-05
856 0.7360827469788731 6.158147109701626e-05
857 0.7735614607342787 6.471698043663144e-05
858 0.7423165084274285 6.210299425734775e-05
859 0.7073778220652166 5.917998633030009e-05
860 0.7418130708986731 6.206087613441464e-05
861 0.7244147820075293 6.0605316648901706e-05
862 0.6824817166343907 5.709715148148835e-05
863 0.7103997419269615 5.943280338298518e-05
864 0.7051871642283389 5.899671354905529e-05
865 0.65975739222105 5.5196010158990367e-05
866 0.6808134005358386 5.695757836959931e-05
867 0.6843589464909804 5.7254202542161216e-05
868 0.6388013910749522 5.3442808655240806e-05
869 0.6528729258567275 5.462004832837695e-05
870 0.6629009396200778 5.5459002701730785e-05
871 0.6184692261726936 5.1741797959898236e-05
872 0.6271542618310122 5.246839734639989e-05
873 0.6408058636383303 5.3610504977064765e-05
874 0.5988202449157193 5.00979431401399e-05
875 0.6030056705269087 5.044810033015969e-05
876 0.618971308566515 5.178380271079117e-05
877 0.5791726146586551 4.8454201346481216e-05
878 0.5807344421206094 4.858486550496288e-05
879 0.5972135595369559 4.9963526120286615e-05
880 0.5598791076570139 4.6840085883704654e-05
881 0.5596713883274396 4.6822707862085516e-05
882 0.5761700111341305 4.820300031925945e-05
883 0.5405061086441959 4.521932003412196e-05
884 0.5401251598432573 4.518744944936674e-05
885 0.5554651703625236 4.647081116148039e-05
886 0.5215204297877722 4.3630957803716846e-05
887 0.5215287240964986 4.363165171446968e-05
888 0.5355325986858379 4.480323086342967e-05
889 0.5026030793001384 4.204831199783738e-05
890 0.5042293570909884 4.2184368139873025e-05
891 0.515894153136689 4.3160257472273746e-05
892 0.4842557450815668 4.051335436362361e-05
893 0.4877347886004226 4.080441487112906e-05
894 0.4968663262287699 4.156836909073194e-05
895 0.46623106622422456 3.900539042255561e-05
896 0.47238049457601944 3.9519858185675313e-05
897 0.4779562845807745 3.9986334750205785e-05
898 0.4490485336387268 3.756788134068911e-05
899 0.45767408177732344 3.8289503937568363e-05
900 0.45945124866722165 3.8438183623261345e-05
901 0.43251779706791466 3.618490221160883e-05
902 0.44386303407731525 3.713405689272413e-05
903 0.4409406742419201 3.68895691384912e-05
904 0.41715592832974135 3.4899711817487114e-05
905 0.4303791721812931 3.6005982562719655e-05
906 0.42278926926514976 3.537100315452405e-05
907 0.40278129740017965 3.369711479595349e-05
908 0.417328404227489 3.4914141335847205e-05
909 0.40477387436471773 3.386381591923604e-05
910 0.38983434596813776 3.261395897049893e-05
911 0.4040594927192529 3.38040499855377e-05
912 0.3874254420382251 3.24124274873277e-05
913 0.37802467627118325 3.1625949353247046e-05
914 0.39060094501067005 3.267809346757071e-05
915 0.370741601057596 3.101663947931817e-05
916 0.3675740741065979 3.0751640781573247e-05
917 0.3763896778376776 3.148916363290536e-05
918 0.35538034877253344 2.973150065832403e-05
919 0.357918780544373 2.9943868579499843e-05
920 0.3616452241076981 3.0255626839738154e-05
921 0.3414147438328788 2.8563123189250742e-05
922 0.348925561059541 2.9191486203948524e-05
923 0.3462232019483317 2.896540394596365e-05
924 0.32939767307488094 2.7557762177065948e-05
925 0.33971252560818765 2.842071378917328e-05
926 0.3308169560504972 2.7676500911128288e-05
927 0.31916055681291633 2.670131406468944e-05
928 0.32993328814551437 2.7602572307620854e-05
929 0.3157973609844223 2.6419945499054585e-05
930 0.310808141298041 2.6002542035687753e-05
931 0.3188198237690669 2.667280797325104e-05
932 0.3021490421339917 2.5278112524079587e-05
933 0.303592668579037 2.539888785887085e-05
934 0.3065043563507085 2.5642482776820843e-05
935 0.2902717637309905 2.428444669005804e-05
936 0.2969601953820827 2.484400804657211e-05
937 0.2931172547801296 2.452250351929168e-05
938 0.2807787921289537 2.34902545170517e-05
939 0.2896619265745772 2.4233427060300802e-05
940 0.27975437403957076 2.3404550602347117e-05
941 0.2733861496654973 2.2871778129631386e-05
942 0.28106832368698165 2.3514477037339744e-05
943 0.26728332218658346 2.2361209045455318e-05
944 0.2677448070083863 2.239981735998545e-05
945 0.27060592156181457 2.263918126832367e-05
946 0.2568980336572292 2.1492364682468285e-05
947 0.26254592986112013 2.196487372885793e-05
948 0.25896527306554884 2.1665312145775292e-05
949 0.2489111643984808 2.082417464482381e-05
950 0.2566806649533027 2.147417938385453e-05
951 0.24711370850104925 2.0673797559027204e-05
952 0.24337229007057384 2.036078648536217e-05
953 0.2488972386087267 2.082300959833581e-05
954 0.23666857252648124 1.9799946294665584e-05
955 0.23915516834510006 2.0007977564468773e-05
956 0.23927208672975978 2.0017759081771254e-05
957 0.22849969701990108 1.9116529419364157e-05
958 0.2349519070565405 1.965632822257479e-05
959 0.22859667939517223 1.912464306876593e-05
960 0.22306661327511032 1.8661991813407874e-05
961 0.22905835244532743 1.916326713068165e-05
962 0.21870471200364788 1.829707048061061e-05
963 0.21945772324983387 1.836006820808494e-05
964 0.22104303689285315 1.849269724563267e-05
965 0.21088102545246945 1.7642532483081186e-05
966 0.21626533785045682 1.80929898259205e-05
967 0.21151521545426052 1.769558949796926e-05
968 0.20587596075640033 1.7223803409230847e-05
969 0.2115084954255803 1.7695027293171445e-05
970 0.20244174464935125 1.6936493211015833e-05
971 0.20287464512427236 1.697271012846656e-05
972 0.20448305198025912 1.710727116894838e-05
973 0.1953679056739526 1.634468826490566e-05
974 0.20032031587355412 1.6759012207178532e-05
975 0.19581461652869317 1.6382060573525633e-05
976 0.1911288052641833 1.599004058374075e-05
977 0.19606196275387622 1.6402753823679347e-05
978 0.18764341345454308 1.569844897142804e-05
979 0.18878747758980974 1.5794162602494954e-05
980 0.1894195765397173 1.5847044677742543e-05
981 0.18161339412689234 1.5193971095178034e-05
982 0.1865230616923267 1.560471914289098e-05
983 0.18133224257407868 1.5170449655102802e-05
984 0.17836544542626598 1.4922244227712202e-05
985 0.1821544985952986 1.5239240474630806e-05
986 0.17415697002751848 1.4570158667774589e-05
987 0.1765689684582371 1.4771949040198045e-05
988 0.17541316476983182 1.4675253265540256e-05
989 0.16939295989808348 1.4171596477184194e-05
990 0.17407890667355172 1.4563627803961015e-05
991 0.16782610910238252 1.404051206122034e-05
992 0.16713545295290136 1.3982731027930516e-05
993 0.16900635853481336 1.413925299300935e-05
994 0.16184331751895836 1.3539985308642234e-05
995 0.1654266162989338 1.383976792297019e-05
996 0.16195564250798583 1.354938253754572e-05
997 0.15842381547831802 1.3253906104984543e-05
998 0.16198443730584658 1.3551791541179462e-05
999 0.15508476179329012 1.2974557296932894e-05
1000 0.1567497410537887 1.3113851245375986e-05
1001 0.15581034368321198 1.3035260255080104e-05
1002 0.1505042075479881 1.2591343222125246e-05
1003 0.15424818380971317 1.2904568286692552e-05
1004 0.14868227114989555 1.2438918071420064e-05
1005 0.14812530747606173 1.2392321893852994e-05
1006 0.14915440234141353 1.2478417072644853e-05
1007 0.1429416120524746 1.1958648381990979e-05
1008 0.14604634537210065 1.2218393697271385e-05
1009 0.14201747484901994 1.1881334073623073e-05
1010 0.13965659861534088 1.1683820638965553e-05
1011 0.14168456056785808 1.1853482108246493e-05
1012 0.1354555797433843 1.1332358900046625e-05
1013 0.13732134911143462 1.148845116397193e-05
1014 0.13482068976314696 1.1279243324211926e-05
1015 0.1310333078816169 1.0962386898996052e-05
1016 0.1334265856947096 1.1162611084495579e-05
1017 0.12753568764910533 1.0669772243726959e-05
1018 0.12815183518700218 1.072131980675873e-05
1019 0.12670130406402313 1.0599966819215305e-05
1020 0.12209112183900693 1.0214274035887561e-05
1021 0.12420240484210786 1.0390906233513045e-05
1022 0.11998049783417572 1.0037696970763234e-05
1023 0.11935998812257925 9.985784463607034e-06
1024 0.11842967315499027 9.90795331687409e-06
1025 0.11503271430403997 9.623760100613914e-06
1026 0.11657898857301006 9.753123062310088e-06
1027 0.11313532980203755 9.465022880716351e-06
1028 0.11198127695559962 9.368473583373036e-06
1029 0.11266455058647563 9.42563698724827e-06
1030 0.1080719584810995 9.04141581217198e-06
1031 0.11010868332619568 9.211810394432806e-06
1032 0.10687645681142743 8.941398861877318e-06
1033 0.1054464510672558 8.82176304951151e-06
1034 0.10645432579445832 8.906082928814993e-06
1035 0.10188359862971719 8.523690998093742e-06
1036 0.10382634889260228 8.686223566142119e-06
1037 0.10082942631096903 8.435497812688015e-06
1038 0.09946645540759848 8.321470206910704e-06
1039 0.10024702770289286 8.386773721276573e-06
1040 0.09631206188387419 8.057570265759906e-06
1041 0.09757334370556972 8.163090454035919e-06
1042 0.09539038678770714 7.980461939925066e-06
1043 0.0934823520374473 7.820833708849842e-06
1044 0.09472211347259803 7.924553478535085e-06
1045 0.09060862641064968 7.580414744604683e-06
1046 0.09209717722070922 7.704948499895584e-06
1047 0.0897382160023312 7.507595277469496e-06
1048 0.08825507169056769 7.383513835617429e-06
1049 0.08903807296654578 7.449020561109197e-06
1050 0.08555957003333875 7.158005279578188e-06
1051 0.08655636685976109 7.241398369835861e-06
1052 0.08468200163090502 7.084586966987744e-06
1053 0.08297571656821287 6.9418373308867595e-06
1054 0.08397224810486938 7.025208226718447e-06
1055 0.0804135012587548 6.727479653477084e-06
1056 0.08166334785408698 6.832043158466235e-06
1057 0.07951007068003577 6.6518976835152975e-06
1058 0.07830501480445846 6.551081418120229e-06
1059 0.07883730616517493 6.595613483543157e-06
1060 0.07580037688284942 6.341540726654348e-06
1061 0.07676057689176807 6.4218720879575025e-06
1062 0.07482587761015376 6.260013073626375e-06
1063 0.07364430229569222 6.161161217126401e-06
1064 0.07418847323119321 6.20668714050109e-06
1065 0.07118554521910885 5.955458966302489e-06
1066 0.07235505578644914 6.053301473134657e-06
1067 0.07012885272437339 5.867054940274076e-06
1068 0.06946723890649412 5.8117036195559334e-06
1069 0.06953748413398188 5.817580410533572e-06
1070 0.06701788727282237 5.606788238161027e-06
1071 0.06797604413346815 5.686948667491073e-06
1072 0.06584186663957184 5.508401092241288e-06
1073 0.06534960699332995 5.46721812293289e-06
1074 0.06526758070138411 5.4603557154829255e-06
1075 0.06292781826823533 5.264608683994669e-06
1076 0.0639712783517805 5.35190567232847e-06
1077 0.06162557458886252 5.155661582827427e-06
1078 0.06161956741905522 5.155159016566526e-06
1079 0.06104546379610438 5.107128892496175e-06
1080 0.059231155983505694 4.955341957425079e-06
1081 0.06000863873158476 5.020386996961421e-06
1082 0.05778225555745898 4.8341253957338e-06
1083 0.05797039833079811 4.849865621688082e-06
1084 0.05714728279913312 4.781002894595543e-06
1085 0.05566672470898886 4.6571378188144785e-06
1086 0.056331631217862554 4.712764609588313e-06
1087 0.05408498837829583 4.524808063047945e-06
1088 0.05462464405031413 4.569956234642965e-06
1089 0.053355710651301194 4.463795907212282e-06
1090 0.0524493960257736 4.387972654805127e-06
1091 0.052709448785323285 4.409728947235071e-06
1092 0.050744600099645765 4.245347601464262e-06
1093 0.05134273981212203 4.295388610531537e-06
1094 0.049867857166728216 4.171998348537777e-06
1095 0.04936211696328791 4.129687581373916e-06
1096 0.04930733904525386 4.125104802073608e-06
1097 0.047581048672656605 3.980681500316467e-06
1098 0.048256939286145085 4.037227233048442e-06
1099 0.04653250966252458 3.892959603543912e-06
1100 0.04652909222962085 3.892673697446465e-06
1101 0.045977018320081074 3.846486602798101e-06
1102 0.04473286638347056 3.742399519057669e-06
1103 0.04519631834006584 3.781172406191712e-06
1104 0.04350382549706786 3.639576641964435e-06
1105 0.0437733534388431 3.662125638289092e-06
1106 0.04286542565537307 3.5861674273604737e-06
1107 0.04205218481721316 3.5181308277042464e-06
1108 0.042268735603499336 3.536247698452069e-06
1109 0.04067588817067827 3.402988375979398e-06
1110 0.04116633649372631 3.444019808049127e-06
1111 0.03989376839972745 3.337555398142471e-06
1112 0.03961023363254714 3.313834575800449e-06
1113 0.03937824402631652 3.294426076838159e-06
1114 0.03814581339692851 3.1913196102157135e-06
1115 0.03856956016997533 3.2267707191622804e-06
1116 0.037184765084535436 3.1109172789351933e-06
1117 0.03726240378402487 3.1174126157003083e-06
1118 0.036639632473701195 3.0653109007719878e-06
1119 0.0358082020117186 2.9957525377022046e-06
1120 0.03604735980881761 3.015760735191041e-06
1121 0.034684169669240476 2.9017147878778426e-06
1122 0.035031615689636406 2.9307824941250036e-06
1123 0.03402318813398775 2.846416364601532e-06
1124 0.03369366806697771 2.8188483628167434e-06
1125 0.033536774823244526 2.8057225059834907e-06
1126 0.03246379205699101 2.715955618389895e-06
1127 0.032799774084044435 2.744064234673903e-06
1128 0.03163823531243194 2.6468886568116337e-06
1129 0.03167633023142682 2.650075718541656e-06
1130 0.03113615814565139 2.6048843432185374e-06
1131 0.03044246272844626 2.546849041535293e-06
1132 0.03060199063627548 2.5601953171890467e-06
1133 0.029463856186486368 2.464977769961006e-06
1134 0.029743125544211 2.4883417435789007e-06
1135 0.028852999352060205 2.4138728328489434e-06
1136 0.028618922398835477 2.39428970420118e-06
1137 0.02840512919430137 2.3764035356966313e-06
1138 0.02755088897607027 2.3049368839855057e-06
1139 0.02779242320713312 2.3251438964853706e-06
1140 0.02678745007820242 2.241066768001472e-06
1141 0.02687439306743104 2.248340511612833e-06
1142 0.02630406330852435 2.200626113050943e-06
1143 0.02582573103701334 2.1606083228314e-06
1144 0.025849812876872873 2.162623035350284e-06
1145 0.024934492121196434 2.086046320447597e-06
1146 0.02517291376173247 2.1059929302898117e-06
1147 0.024333949690068093 2.0358042973641203e-06
1148 0.024256882901741272 2.0293568072994953e-06
1149 0.023916207211703486 2.0008555141424095e-06
1150 0.02331864013835581 1.9508624126780374e-06
1151 0.02343600620161434 1.9606813832516446e-06
1152 0.022581836028364062 1.8892205915786469e-06
1153 0.022728207780057533 1.9014662091173361e-06
1154 0.0220919545281065 1.8482365805107446e-06
1155 0.02185789367068031 1.8286547984547287e-06
1156 0.021701658578251196 1.8155840032645796e-06
1157 0.02103795528782746 1.7600578750351443e-06
1158 0.02119900081985988 1.7735311167554027e-06
1159 0.020425925708630534 1.7088548248393267e-06
1160 0.02049330626261457 1.7144919541630328e-06
1161 0.020008925229059827 1.6739681180315356e-06
1162 0.019690698304398735 1.6473449126327655e-06
1163 0.019630177372860647 1.642281666670849e-06
1164 0.018978449347541972 1.587757401947892e-06
1165 0.019119563491302536 1.5995631623750153e-06
1166 0.018460121065938785 1.5443935026806961e-06
1167 0.01844065832411136 1.5427652288511118e-06
1168 0.01808985923870362 1.5134170015932915e-06
1169 0.01771365394845234 1.4819432640233785e-06
1170 0.017718810082916158 1.4823746317558231e-06
1171 0.017093807410784197 1.430086238708408e-06
1172 0.0172160200677147 1.4403106805002373e-06
1173 0.01664560209027712 1.3925889014815546e-06
1174 0.01657876537691868 1.3869972704471424e-06
1175 0.016308045324282785 1.364348540850905e-06
1176 0.01592458989450843 1.3322682488422118e-06
1177 0.015948052580731665 1.3342311623046515e-06
1178 0.015379569194494921 1.2866712332581463e-06
1179 0.015466156297974293 1.2939152030865034e-06
1180 0.014982806333315713 1.2534776272833302e-06
1181 0.014877936965757477 1.2447041436583496e-06
1182 0.014670054280641475 1.2273124555396107e-06
1183 0.014290625479580595 1.1955690356023726e-06
1184 0.014326080314689479 1.1985352250864605e-06
1185 0.013806217797821025 1.1550429700535142e-06
1186 0.013874290502225968 1.1607380054228584e-06
1187 0.013448855166227229 1.1251456294909611e-06
1188 0.013337038057909674 1.1157908904317026e-06
1189 0.0131578294483792 1.100798106191843e-06
1190 0.01280831758039452 1.0715575689224912e-06
1191 0.012834818056300972 1.07377462712388e-06
1192 0.012372042218919252 1.0350583048474963e-06
1193 0.012418639069953495 1.03895664731912e-06
1194 0.01204501910677115 1.0076992009811714e-06
1195 0.011931835231122477 9.982301167029239e-07
1196 0.011773787636226388 9.850076856148525e-07
1197 0.011454761735154419 9.583176369936925e-07
1198 0.011475109305468273 9.600199365222712e-07
1199 0.01105789513730483 9.251153522979107e-07
1200 0.01109741199206808 9.284213746974792e-07
1201 0.010755518943358263 8.998182360098683e-07
1202 0.010658977085135713 8.917414407362591e-07
1203 0.010503195847930396 8.787086155602983e-07
1204 0.010227090498998436 8.556093463072545e-07
1205 0.010230663132386384 8.559082366434608e-07
1206 0.009862523132861225 8.251092499351568e-07
1207 0.009892287926992075 8.275994044959052e-07
1208 0.009580108680518267 8.01482154332498e-07
1209 0.009500052031748037 7.947845293404678e-07
1210 0.009345146804716629 7.818249921140299e-07
1211 0.009108983738796286 7.620673370435277e-07
1212 0.009098878732679146 7.612219414073824e-07
1213 0.008772237028757441 7.338947465618388e-07
1214 0.008799364932986397 7.361642960887835e-07
1215 0.0085067458620615 7.116834711644704e-07
1216 0.00845107601097337 7.070260717894279e-07
1217 0.00828756856743783 6.933468639156427e-07
1218 0.008097379049446357 6.774354051112924e-07
1219 0.00806637779807215 6.748418072130838e-07
1220 0.00778509943783885 6.5130975829329e-07
1221 0.007804080182722661 6.528977077422611e-07
1222 0.007533886529418248 6.302930172779693e-07
1223 0.0074977517017597115 6.272699388887761e-07
1224 0.00732820116377218 6.130851592598326e-07
1225 0.007179598322749402 6.006528863979319e-07
1226 0.007129625559398521 5.964721114856534e-07
1227 0.006890315634898422 5.764511868554842e-07
1228 0.0069019979705038795 5.774285435662423e-07
1229 0.006651948094042071 5.565091030504231e-07
1230 0.006635586619529915 5.551402845664819e-07
1231 0.006457645827410257 5.402535672892851e-07
1232 0.006351782209258951 5.313969035946565e-07
1233 0.006278486660723347 5.252649194906809e-07
1234 0.006084887454964195 5.090682025552617e-07
1235 0.006081990803966709 5.088258656299473e-07
1236 0.005858498374474331 4.901282495756726e-07
1237 0.005853131458560953 4.896792476413706e-07
1238 0.00567341743490108 4.746441799140508e-07
1239 0.00560319870718842 4.687696059359835e-07
1240 0.005509853313658757 4.609602303226035e-07
1241 0.005359386105903131 4.483719825427411e-07
1242 0.005340116962101248 4.46759905331354e-07
1243 0.00514537156520153 4.304672968173261e-07
1244 0.005145819861067684 4.3050480172969887e-07
1245 0.00496819482192492 4.156445006847805e-07
1246 0.004929173050171171 4.12379897460115e-07
1247 0.004816567462863113 4.029591934039001e-07
1248 0.004709563794404988 3.940071518793921e-07
1249 0.004668598864671187 3.905799819766233e-07
1250 0.004509063332795165 3.7723306848694697e-07
1251 0.004504910936599135 3.7688567457318017e-07
1252 0.00433920233925485 3.630223158139005e-07
1253 0.004320460942665814 3.614543904996579e-07
1254 0.00419624441226021 3.510623025063716e-07
1255 0.00412652872045867 3.4522981305147577e-07
1256 0.004064785435924607 3.400643037285431e-07
1257 0.003941700335516036 3.297668723807855e-07
1258 0.003926837133628438 3.285234009895501e-07
1259 0.003779883204269454 3.162290778437408e-07
1260 0.0037724209036821238 3.1560477378306004e-07
1261 0.0036435264833957507 3.0482132851143796e-07
1262 0.003605106399414502 3.01607063130342e-07
1263 0.003523782882266612 2.9480345057277955e-07
1264 0.0034383821545905225 2.8765873421495926e-07
1265 0.003406020413975548 2.8495131632952496e-07
1266 0.003286314746689688 2.749366119768297e-07
1267 0.0032780904680962454 2.742485600199341e-07
1268 0.003155749480272756 2.6401338192813066e-07
1269 0.0031372797670792796 2.624681859377852e-07
1270 0.003043877643433516 2.5465406422212353e-07
1271 0.0029910550227170347 2.502348671898991e-07
1272 0.0029406489574549366 2.4601784177557934e-07
1273 0.002851391791162895 2.385504916321685e-07
1274 0.0028344231640400827 2.3713087811044371e-07
1275 0.0027274323392740382 2.2817991110297328e-07
1276 0.002718371714023923 2.2742188948889397e-07
1277 0.0026212244219890346 2.192944429740097e-07
1278 0.0025940607116954105 2.1702189787333972e-07
1279 0.0025276808506104133 2.1146848758949966e-07
1280 0.002469612015779238 2.066103866647458e-07
1281 0.002437656987817342 2.0393699479553476e-07
1282 0.0023542248419955885 1.9695697210437416e-07
1283 0.002342867798424039 1.960068296736224e-07
1284 0.0022531885983085235 1.8850417172846116e-07
1285 0.0022402859299545685 1.8742472067275495e-07
1286 0.0021658755949768124 1.8119947234088026e-07
1287 0.002133361462587723 1.7847930519638294e-07
1288 0.002086768798649261 1.7458131302167742e-07
1289 0.0020293013059731182 1.697735210257655e-07
1290 0.0020084501981510587 1.680290950098657e-07
1291 0.0019346259310011418 1.6185287774025824e-07
1292 0.0019254172927163624 1.6108247319714878e-07
1293 0.0018520580570660498 1.549451609609355e-07
1294 0.0018368741045654902 1.536748552298347e-07
1295 0.0017798062874538375 1.4890050051977664e-07
1296 0.0017466557232793693 1.4612708881037492e-07
1297 0.001712832107956206 1.4329736892090743e-07
1298 0.0016605420939674665 1.3892273033804908e-07
1299 0.0016454418649278432 1.37659429001374e-07
1300 0.0015830200968911176 1.3243715702182356e-07
1301 0.0015741237787671644 1.3169288151792317e-07
1302 0.0015153371025926712 1.2677472521744257e-07
1303 0.001499157248734359 1.2542110131195225e-07
1304 0.0014553751352580507 1.2175824279954513e-07
1305 0.001424043650829876 1.1913701725029907e-07
1306 0.0013989299851252276 1.1703598107593087e-07
1307 0.0013532462694616993 1.1321403248756295e-07
1308 0.0013417558880996273 1.1225273487442593e-07
1309 0.0012898343622791113 1.0790892440644215e-07
1310 0.0012815811595778114 1.0721845262769999e-07
1311 0.0012342870226718027 1.0326177447311841e-07
1312 0.0012190736302587332 1.0198900576740128e-07
1313 0.0011846290962942694 9.910733915928052e-08
1314 0.0011571611373907588 9.680934029399925e-08
1315 0.0011375096393427611 9.516527491680794e-08
1316 0.0010992385931284233 9.196347819493958e-08
1317 0.0010897735223089405 9.117162023128875e-08
1318 0.00104747961274294 8.763326645216773e-08
1319 0.0010399155408957487 8.700044809887064e-08
1320 0.001002061247390683 8.383351735508148e-08
1321 0.0009886587357065392 8.271224887094431e-08
1322 0.0009613423877238431 8.042693393770255e-08
1323 0.0009383185353216743 7.85007337828077e-08
1324 0.0009227104728465968 7.719494655693622e-08
1325 0.0008914425371042826 7.457903755882196e-08
1326 0.0008837677791804947 7.393695908979095e-08
1327 0.0008496043658861348 7.107881133806484e-08
1328 0.0008433959357872751 7.055940742558359e-08
1329 0.0008128767920566127 6.800614316926295e-08
1330 0.0008021546990873629 6.710912138605257e-08
1331 0.0007799842082563961 6.52543143743172e-08
1332 0.0007617953814902883 6.373261764336821e-08
1333 0.0007489304328033141 6.265632225540656e-08
1334 0.0007242529185308645 6.059177497705734e-08
1335 0.000717870002201194 6.005777335959847e-08
1336 0.0006907495964808339 5.7788851165915203e-08
1337 0.0006858955524653713 5.7382756643976306e-08
1338 0.0006613905911973439 5.533264533481416e-08
1339 0.0006533527514998159 5.466019105566233e-08
1340 0.0006352575112053392 5.3146323869178933e-08
1341 0.0006215149613142294 5.199660742440133e-08
1342 0.0006108507906597066 5.110443148408684e-08
1343 0.0005918584623340265 4.9515512951960895e-08
1344 0.0005867184942841534 4.9085497719024136e-08
1345 0.0005653847759228761 4.7300695988445614e-08
1346 0.0005620505469231824 4.7021750818737185e-08
1347 0.0005422808894967194 4.5367800101372263e-08
1348 0.0005369652010815219 4.4923083914442504e-08
1349 0.0005219420951627212 4.366623478066897e-08
1350 0.0005123373975593674 4.286269549071264e-08
1351 0.0005032608259628977 4.210333978821573e-08
1352 0.0004892960272299305 4.0935029767257507e-08
1353 0.0004850726486576899 4.058169739186133e-08
1354 0.000468698752054123 3.9211839662446256e-08
1355 0.00046661521314341327 3.903752856530942e-08
1356 0.0004508229182739014 3.771632825997158e-08
1357 0.0004478047277354626 3.7463823206469095e-08
1358 0.0004353246740178909 3.641972854394346e-08
1359 0.00042918828868396535 3.5906351973670256e-08
1360 0.0004214088374472073 3.5255514749929685e-08
1361 0.000411614936933069 3.443614654178478e-08
1362 0.0004081359105188117 3.414508746526836e-08
1363 0.0003958286349350315 3.311544760649399e-08
1364 0.00039477593807584523 3.302737785961571e-08
1365 0.0003821806529658202 3.197364281536267e-08
1366 0.00038107447975840294 3.1881099179908026e-08
1367 0.0003705360457271936 3.099944250018781e-08
1368 0.0003673016058382904 3.0728845794381244e-08
1369 0.00036035099463159416 3.014735021540112e-08
1370 0.00035406384562563885 2.9621360594829314e-08
1371 0.00035087358918480487 2.9354460323617104e-08
1372 0.0003419964329132251 2.8611787920812263e-08
1373 0.000341412420771224 2.856292883942426e-08
1374 0.0003314964632453466 2.7733349210930963e-08
1375 0.0003315829686306042 2.774058634412535e-08
1376 0.0003225899967334596 2.698822468202517e-08
1377 0.000321421572509148 2.6890473059814466e-08
1378 0.0003149397765072296 2.6348199063056394e-08
1379 0.0003113100252725729 2.604453018661038e-08
1380 0.0003079638750825318 2.5764587677347618e-08
1381 0.00030176052665467 2.5245608902905488e-08
1382 0.00030102976907767553 2.518447294123364e-08
1383 0.0002931800098709392 2.4527753677411463e-08
1384 0.0002936683846988199 2.4568611638654383e-08
1385 0.0002857130134533568 2.3903056758541725e-08
1386 0.00028572434161399843 2.390400448459562e-08
1387 0.0002791961704603021 2.335785069296319e-08
1388 0.0002773700376936574 2.320507446956983e-08
1389 0.0002732124830117642 2.2857248991350028e-08
1390 0.0002689802376186048 2.2503174808217724e-08
1391 0.000267222113792773 2.235608828566329e-08
1392 0.0002609401802486176 2.1830534996212415e-08
1393 0.0002607361795318572 2.1813468077724632e-08
1394 0.0002534804788678539 2.1206448387937303e-08
1395 0.0002534755651750212 2.1206037303131423e-08
1396 0.00024659374483131997 2.063029684143757e-08
1397 0.00024544549169298695 2.0534232753886903e-08
1398 0.00024004013147525892 2.008201452790186e-08
1399 0.00023689035358329328 1.9818500735448215e-08
1400 0.00023342605019503924 1.952867340305839e-08
1401 0.0002281580304869323 1.9087945231226082e-08
1402 0.00022633296764320234 1.893525851872986e-08
1403 0.0002195467575440626 1.8367516912512794e-08
1404 0.00021845965780565034 1.8276568983906434e-08
1405 0.00021119975030782 1.7669197345894815e-08
1406 0.00020972439160295658 1.7545767256255877e-08
1407 0.00020307342004514196 1.6989339851272297e-08
1408 0.00020028030140083747 1.6755664553527938e-08
1409 0.00019497316249374695 1.6311663627604558e-08
1410 0.00019043921210898444 1.593234848169125e-08
1411 0.0001866382787655476 1.561435832665606e-08
1412 0.00018054791924716586 1.5104832325413665e-08
1413 0.00017785082405703568 1.487919045270493e-08
1414 0.00017087802221117104 1.4295838381081576e-08
1415 0.0001685326433528548 1.4099621473447548e-08
1416 0.00016156895014411254 1.3517031440162937e-08
1417 0.00015879094999504705 1.328462097192506e-08
1418 0.00015263025490209504 1.2769210621171325e-08
1419 0.00014889248409511485 1.2456504711595197e-08
1420 0.00014398877741811556 1.2046255358193977e-08
1421 0.00013918329165374404 1.1644223271556493e-08
1422 0.00013556037923417375 1.134112653770628e-08
1423 0.00012999782884993142 1.0875757614010059e-08
1424 0.0001273239917146316 1.0652061535082235e-08
1425 0.00012159770880899661 1.0172994573257603e-08
1426 0.00011937381449247143 9.98694119252289e-09
1427 0.00011415605492344024 9.55041783776384e-09
1428 0.00011193143681016858 9.364303903417991e-09
1429 0.00010778047280890795 9.017029808599785e-09
1430 0.00010531775148697719 8.810995904763648e-09
1431 0.00010255787510264699 8.580101690097527e-09
1432 9.990440235030325e-05 8.35810931726194e-09
1433 9.86032751127423e-05 8.2492556188126e-09
1434 9.606867898647794e-05 8.037208591854316e-09
1435 9.609317213001885e-05 8.039257714479768e-09
1436 9.415793433315907e-05 7.877353647386352e-09
1437 9.525771851613628e-05 7.96936277021247e-09
1438 9.443717699175407e-05 7.90071538732646e-09
1439 9.629389059361054e-05 8.056050036151537e-09
1440 9.69570933364133e-05 8.111534288030821e-09
1441 9.914596094610822e-05 8.294657296951844e-09
1442 0.00010125961347624685 8.471487731747516e-09
1443 0.00010311007465625292 8.626299296263053e-09
1444 0.0001059196885376244 8.861354603209977e-09
1445 0.00010639023922495625 8.900721377761534e-09
1446 0.00010830458984405668 9.060878001189458e-09
1447 0.00010624808810229827 8.888828862569051e-09
1448 0.00010553470799397734 8.829146718541005e-09
1449 0.00010069133668654616 8.42394508678852e-09
1450 9.700391140392555e-05 8.115451137709958e-09
1451 9.089950696054667e-05 7.604750122997514e-09
1452 8.595595304343383e-05 7.1911671068044125e-09
1453 8.118844587786074e-05 6.792312350424715e-09
1454 7.746462209967854e-05 6.480773264217752e-09
1455 7.59939255918114e-05 6.357733218973623e-09
1456 7.496898039204697e-05 6.271985205649884e-09
1457 7.699715041703596e-05 6.441664082496701e-09
1458 7.81038841163917e-05 6.534254609307304e-09
1459 8.135020513665332e-05 6.805845303290266e-09
1460 8.165960634209353e-05 6.831730139564991e-09
1461 8.210767503064146e-05 6.869216046015783e-09
1462 7.910639823732762e-05 6.6181260145482935e-09
1463 7.583446525951786e-05 6.344392596761571e-09
1464 7.177819950923101e-05 6.005041059059688e-09
1465 6.857693152878449e-05 5.737219550648041e-09
1466 6.74362190165851e-05 5.64178631995716e-09
1467 6.704489520464494e-05 5.60904775066794e-09
1468 6.914749694736674e-05 5.7849536647508235e-09
1469 6.976857325414451e-05 5.836913573866823e-09
1470 7.105775712287338e-05 5.944768077286049e-09
1471 6.875101864262906e-05 5.75178386507272e-09
1472 6.661287534965035e-05 5.5729045068235765e-09
1473 6.277082524318355e-05 5.251474479349417e-09
1474 6.0838821525456396e-05 5.089840978780551e-09
1475 5.989469892194184e-05 5.010854670435464e-09
1476 6.053799198463214e-05 5.06467325714948e-09
1477 6.191966862296285e-05 5.180265804750963e-09
1478 6.180729059876833e-05 5.17086413886859e-09
1479 6.105647702765457e-05 5.108050271244932e-09
1480 5.777683223897295e-05 4.833671675099852e-09
1481 5.581573252928324e-05 4.669603972676051e-09
1482 5.357938605293543e-05 4.482508830911942e-09
1483 5.416018336679675e-05 4.531098956334081e-09
1484 5.444229036268908e-05 4.5547003298007355e-09
1485 5.5339398475066664e-05 4.629753355455832e-09
1486 5.4123265405045065e-05 4.528010360107769e-09
1487 5.2024675519239005e-05 4.352440082271918e-09
1488 4.975679150547937e-05 4.16270647634523e-09
1489 4.82446422447626e-05 4.036198449393911e-09
1490 4.8667746801668554e-05 4.071595829850197e-09
1491 4.884884588046589e-05 4.086746772773975e-09
1492 4.942466078297586e-05 4.134920064325348e-09
1493 4.747124626766539e-05 3.971495313495621e-09
1494 4.5903658981974746e-05 3.840349281990308e-09
1495 4.370045009916265e-05 3.6560264667980687e-09
1496 4.366200190686745e-05 3.6528098498453183e-09
1497 4.3775387989220674e-05 3.6622958509530704e-09
1498 4.418794135517701e-05 3.696810507472178e-09
1499 4.3157791242847034e-05 3.610627045587753e-09
1500 4.123789650055718e-05 3.450006594874989e-09
1501 3.981298633221154e-05 3.330797083841116e-09
1502 3.8989643873335666e-05 3.2619153717750317e-09
1503 3.969579275596876e-05 3.3209925437160124e-09
1504 3.935515708891651e-05 3.292494598924769e-09
1505 3.8865256350580034e-05 3.2515089783785768e-09
1506 3.672112801705323e-05 3.072128905226062e-09
1507 3.582851659192516e-05 2.997452077243068e-09
1508 3.520014780314068e-05 2.9448820712707514e-09
1509 3.575950857820829e-05 2.9916787928947938e-09
1510 3.539872913814438e-05 2.9614955984755785e-09
1511 3.428795149895594e-05 2.8685667513267426e-09
1512 3.284040877955506e-05 2.7474637768278168e-09
1513 3.1903510302749414e-05 2.669081846661613e-09
1514 3.2193788035356575e-05 2.6933667927142457e-09
1515 3.2026649157468477e-05 2.6793837751525675e-09
1516 3.1702382578001115e-05 2.652255285763085e-09
1517 3.001146306879869e-05 2.510791148326484e-09
1518 2.9341951671072912e-05 2.454779107618571e-09
1519 2.8823259069135785e-05 2.411384728921981e-09
1520 2.929971227339923e-05 2.4512453143627542e-09
1521 2.8699061492505994e-05 2.4009942266218825e-09
1522 2.7760674245797298e-05 2.3224877443708337e-09
1523 2.6633849966579305e-05 2.228216418128119e-09
1524 2.6314977941046284e-05 2.2015392428993774e-09
1525 2.6558872566210684e-05 2.2219437284982095e-09
1526 2.617328597568909e-05 2.1896851412985234e-09
1527 2.54487740085727e-05 2.1290716940393105e-09
1528 2.4233360017374575e-05 2.02738885759589e-09
1529 2.4187584372216572e-05 2.02355921808754e-09
1530 2.4041401354391784e-05 2.011329390226475e-09
1531 2.4110636857434615e-05 2.0171217065754434e-09
1532 2.30155538549965e-05 1.9255058895490836e-09
1533 2.2377922375701835e-05 1.87216095696658e-09
1534 2.1994166847145756e-05 1.8400555583723447e-09
1535 2.2212626027649702e-05 1.8583320874246794e-09
1536 2.192020652202421e-05 1.8338679583470868e-09
1537 2.1088552963622078e-05 1.7642909307918661e-09
1538 2.0495300084343404e-05 1.71465875942463e-09
1539 2.0258104475519315e-05 1.6948147207087503e-09
1540 2.05366310019995e-05 1.7181165482690208e-09
1541 1.9953172597211636e-05 1.6693037931294326e-09
1542 1.9415038988382262e-05 1.6242829589712177e-09
1543 1.8722187795925303e-05 1.5663182860347305e-09
1544 1.896809099274441e-05 1.586890810889758e-09
1545 1.8778189513402183e-05 1.5710034497073478e-09
1546 1.8424971033557563e-05 1.5414528133193062e-09
1547 1.7650413606459366e-05 1.4766525092697998e-09
1548 1.748756731373304e-05 1.4630286139809317e-09
1549 1.7573734935444173e-05 1.4702374895152133e-09
1550 1.735808128630354e-05 1.4521956742219916e-09
1551 1.6829396109474523e-05 1.407965306005996e-09
1552 1.6257753352683205e-05 1.3601410606346078e-09
1553 1.6394488200734748e-05 1.3715804444916549e-09
1554 1.6250996598228305e-05 1.3595757833191404e-09
1555 1.60231025778544e-05 1.340509925456775e-09
1556 1.528770871126254e-05 1.2789860868308584e-09
1557 1.526593263730082e-05 1.2771642771568998e-09
1558 1.5193365932116568e-05 1.2710932688684284e-09
1559 1.5114460778461728e-05 1.2644919791912223e-09
1560 1.4489708148326484e-05 1.212224504925095e-09
1561 1.420219263244709e-05 1.1881706488827677e-09
1562 1.4210742637957642e-05 1.1888859515024644e-09
1563 1.4123918125450995e-05 1.1816221197805749e-09
1564 1.3740125855839638e-05 1.1495136473902983e-09
1565 1.3221757294105516e-05 1.1061463782442007e-09
1566 1.3262247895295136e-05 1.1095338653128672e-09
1567 1.313107419750313e-05 1.0985597332435836e-09
1568 1.2935620033191369e-05 1.0822078284886395e-09
1569 1.2330171044375948e-05 1.0315553175332036e-09
1570 1.2299940186617938e-05 1.0290261715901644e-09
1571 1.2187510996042584e-05 1.019620225073562e-09
1572 1.203902774902108e-05 1.0071979575739157e-09
1573 1.1501585266857085e-05 9.622349438128547e-10
1574 1.1318214344987017e-05 9.468939360640358e-10
1575 1.1287750740036196e-05 9.443453182415292e-10
1576 1.108490624520509e-05 9.273751305188857e-10
1577 1.0685680825575751e-05 8.939755042662629e-10
1578 1.0352513665032205e-05 8.661023827297295e-10
1579 1.0395123885615079e-05 8.696671994273515e-10
1580 1.0138122707441456e-05 8.481662055641543e-10
1581 9.83922566730988e-06 8.231601590111101e-10
1582 9.443049884065053e-06 7.900156686051567e-10
1583 9.487380604120122e-06 7.937244241316051e-10
1584 9.246007268260803e-06 7.73530872296817e-10
1585 8.95943992572251e-06 7.495563414518804e-10
1586 8.606922557252272e-06 7.200643607924433e-10
1587 8.58459966575931e-06 7.181968037780755e-10
1588 8.421603524636902e-06 7.04560372011875e-10
1589 8.089329105642249e-06 6.767619381896184e-10
1590 7.838536879579072e-06 6.557803919109509e-10
1591 7.738812095079717e-06 6.474373096155041e-10
1592 7.657859703587099e-06 6.40664745827808e-10
1593 7.289692399646144e-06 6.098634748028304e-10
1594 7.129109308117404e-06 5.964289213504718e-10
1595 7.0007876879665305e-06 5.856933971517635e-10
1596 6.952395887940449e-06 5.816448873247505e-10
1597 6.605368735282571e-06 5.52612224001242e-10
1598 6.4858297097833326e-06 5.426114610789205e-10
1599 6.395378807472058e-06 5.35044241701422e-10
1600 6.321044858749637e-06 5.288253839254929e-10
1601 6.050061214954013e-06 5.061546020104763e-10
1602 5.932698792829723e-06 4.963359360580596e-10
1603 5.916287122569231e-06 4.949629181440435e-10
1604 5.787539346951143e-06 4.841917413224544e-10
1605 5.607851094301434e-06 4.691588296254506e-10
1606 5.4887909469711595e-06 4.5919813016371437e-10
1607 5.529571520668824e-06 4.626098766430196e-10
1608 5.355188130591074e-06 4.480207754313036e-10
1609 5.23688653567058e-06 4.381235372767236e-10
1610 5.13636140445785e-06 4.2971349711791227e-10
1611 5.17352275117591e-06 4.328224551912226e-10
1612 4.978950589319785e-06 4.1654433970650953e-10
1613 4.869530600090515e-06 4.073901461979481e-10
1614 4.8025992547906405e-06 4.0179059815394675e-10
1615 4.7686915126722726e-06 3.9895384012667666e-10
1616 4.57981283680779e-06 3.8315204777883187e-10
1617 4.4511127302952815e-06 3.723848590056783e-10
1618 4.4239355594438716e-06 3.7011118778032514e-10
1619 4.311230506269809e-06 3.606821623032133e-10
1620 4.168818085613649e-06 3.487677866403028e-10
1621 4.056336360767178e-06 3.393574450503045e-10
1622 4.0752525363913576e-06 3.409399925658489e-10
1623 3.9340194549549996e-06 3.291242816853638e-10
1624 3.8483047196892145e-06 3.219532951162276e-10
1625 3.7764553480666475e-06 3.1594229972192737e-10
1626 3.7817092006507945e-06 3.163818426569935e-10
1627 3.6240952336433725e-06 3.03195689342586e-10
1628 3.5508305609522114e-06 2.9706628834483026e-10
1629 3.511749119874314e-06 2.937966931205893e-10
1630 3.4620920119091685e-06 2.8964232627600846e-10
1631 3.3381595849360557e-06 2.792740066802132e-10
1632 3.2834483206491217e-06 2.746968037037879e-10
1633 3.279806750780472e-06 2.74392146067762e-10
1634 3.174693566750867e-06 2.6559826449561284e-10
1635 3.096291829043105e-06 2.590390911357936e-10
1636 3.048280118863475e-06 2.5502238003248325e-10
1637 3.041363273132262e-06 2.5444370930935127e-10
1638 2.9125701301249638e-06 2.4366873700338383e-10
1639 2.8826446558094446e-06 2.4116513976626706e-10
1640 2.843958936293043e-06 2.3792865103175397e-10
1641 2.8036699238116416e-06 2.34558029090357e-10
1642 2.6919177639807987e-06 2.2520872369106916e-10
1643 2.6857192827170166e-06 2.246901521087876e-10
1644 2.6506160282318056e-06 2.2175337623628602e-10
1645 2.5742154728632257e-06 2.1536162393461005e-10
1646 2.5140513760501816e-06 2.1032823114802853e-10
1647 2.501044832822192e-06 2.0924008980909083e-10
1648 2.458376078849843e-06 2.0567037614540495e-10
1649 2.3687374783218946e-06 1.9817111480522947e-10
1650 2.3626430800392105e-06 1.9766125091663924e-10
1651 2.322266082786183e-06 1.942832680749996e-10
1652 2.2707761938847084e-06 1.8997556881402813e-10
1653 2.1997325478624416e-06 1.8403198128653452e-10
1654 2.2153484221372523e-06 1.853384220559396e-10
1655 2.1475179222232328e-06 1.7966364977375318e-10
1656 2.0986038672537925e-06 1.7557144753874427e-10
1657 2.063327909065223e-06 1.7262022308942117e-10
1658 2.056984325678512e-06 1.7208951210810338e-10
1659 1.98400571840806e-06 1.6598404364987467e-10
1660 1.9496497239355754e-06 1.6310978435049555e-10
1661 1.93933297723352e-06 1.622466742702017e-10
1662 1.8901283152955233e-06 1.5813015954490794e-10
1663 1.8420771389253631e-06 1.5411014665782207e-10
1664 1.8202429878633868e-06 1.5228347819144436e-10
1665 1.8069419304840877e-06 1.5117069748312736e-10
1666 1.733451801464291e-06 1.4502243456741132e-10
1667 1.7221593449044784e-06 1.4407769555524646e-10
1668 1.6960355346755461e-06 1.4189214960791957e-10
1669 1.6638505473909226e-06 1.3919951909543892e-10
1670 1.6044124158225068e-06 1.3422686133887002e-10
1671 1.6100320522459342e-06 1.3469700614175446e-10
1672 1.5669480717963393e-06 1.3109255418619561e-10
1673 1.5267579770645296e-06 1.277302078096892e-10
1674 1.5014781327245569e-06 1.2561526895268083e-10
1675 1.4888936127273368e-06 1.2456243452929651e-10
1676 1.4401413363111324e-06 1.2048376686134694e-10
1677 1.4105770899611034e-06 1.18010390342767e-10
1678 1.4042523180737578e-06 1.174812531516368e-10
1679 1.359269289989773e-06 1.1371792483674329e-10
1680 1.3301912152106463e-06 1.1128522195256734e-10
1681 1.3108784226689302e-06 1.0966949304084962e-10
1682 1.2952957248451138e-06 1.0836582784887301e-10
1683 1.240749559466751e-06 1.0380243722399109e-10
1684 1.2379526172504486e-06 1.0356844204211761e-10
1685 1.2111701578738578e-06 1.0132779280155896e-10
1686 1.181133792898998e-06 9.881491833309672e-11
