1 0.1555201518980557
2 1.8292074220297765e-05
3 1.671580628890307e-05
4 1.6716114318500643e-05
5 1.6716413166474565e-05
6 1.6716711558398968e-05
7 1.6717009495016758e-05
8 1.671730697634329e-05
9 1.6717604002219028e-05
10 1.6717900572449594e-05
11 1.6718196687021242e-05
12 1.6718492345715377e-05
13 1.6718787548491344e-05
14 1.671908229508264e-05
15 1.671937658550153e-05
16 1.6719670419589148e-05
17 1.671996379715372e-05
18 1.672025671815464e-05
19 1.672054918242409e-05
20 1.6720841189778487e-05
21 1.672113274023418e-05
22 1.672142383353237e-05
23 1.672171446958546e-05
24 1.672200464837495e-05
25 1.6722294369608923e-05
26 1.6722583633248304e-05
27 1.672287243914988e-05
28 1.6723160787245442e-05
29 1.6723448677296646e-05
30 1.6723736109290932e-05
31 1.672402308304955e-05
32 1.672430959847305e-05
33 1.6724595655415072e-05
34 1.6724881253745976e-05
35 1.6725166393399882e-05
36 1.6725451074149038e-05
37 1.6725735295981735e-05
38 1.6726019058703775e-05
39 1.6726302362245097e-05
40 1.6726585206428745e-05
41 1.6726867591136325e-05
42 1.6727149516315454e-05
43 1.6727430981784763e-05
44 1.672771198744702e-05
45 1.672799253310824e-05
46 1.672827261877292e-05
47 1.6728552244211867e-05
48 1.672883140939436e-05
49 1.672911011410424e-05
50 1.6729388358292575e-05
51 1.6729666141792543e-05
52 1.672994346454655e-05
53 1.6730220326353808e-05
54 1.673049672713179e-05
55 1.673077266678845e-05
56 1.6731048145178734e-05
57 1.6731323162174256e-05
58 1.6731597717656883e-05
59 1.6731871811538203e-05
60 1.6732145443669324e-05
61 1.673241861388728e-05
62 1.6732691322207744e-05
63 1.673296356837896e-05
64 1.673323535230959e-05
65 1.6733506673979818e-05
66 1.6733777533130068e-05
67 1.673404792973206e-05
68 1.673431786362673e-05
69 1.6734587334745217e-05
70 1.673485634292303e-05
71 1.6735124888033276e-05
72 1.6735392970053177e-05
73 1.6735660588732344e-05
74 1.6735927744042662e-05
75 1.6736194435823704e-05
76 1.673646066400785e-05
77 1.6736726428455383e-05
78 1.6736991729031945e-05
79 1.6737256565634138e-05
80 1.6737520938146582e-05
81 1.6737784846397368e-05
82 1.6738048290414884e-05
83 1.6738311269984036e-05
84 1.673857378496723e-05
85 1.6738835835296163e-05
86 1.6739097420882613e-05
87 1.6739358541493465e-05
88 1.673961919716268e-05
89 1.6739879387702302e-05
90 1.67401391129682e-05
91 1.6740398372877687e-05
92 1.674065716735228e-05
93 1.6740915496249555e-05
94 1.674117335943534e-05
95 1.6741430756856848e-05
96 1.674168768827533e-05
97 1.6741944153756243e-05
98 1.6742200153028327e-05
99 1.674245568606634e-05
100 1.6742710752691087e-05
