0 38.50917460512558 0.7005237410328606
1 5.6652584811453215 0.10305720924493236
2 0.8515954103046948 0.015491446097981441
3 0.12556142834539388 0.002284098852179435
4 0.01815534001454257 0.00033026536759419797
5 0.002828739610528034 5.1457848024381815e-05
6 0.0005579606432806365 1.0149910539189504e-05
7 0.0001328230398660303 2.4161954582616253e-06
8 3.269305958577034e-05 5.947222873944892e-07
9 7.872795698176737e-06 1.432147105573154e-07
10 1.847893510195482e-06 3.3615191394421274e-08
11 4.256346531185282e-07 7.742756955277073e-09
12 9.686720363004695e-08 1.7621197173434225e-09
13 2.189214366199755e-08 3.9824188740960787e-10
14 4.929452491901254e-09 8.967209856559227e-11
15 1.1080269270573043e-09 2.0156214098757003e-11
16 2.4888340331681623e-10 4.52745961346262e-12
17 5.589024874561598e-11 1.0167043708416657e-12
18 1.2556291793853198e-11 2.2841259494976304e-13
